	Time (ms)	Amplitude	Rise (ms)	Decay (ms)	Area	Baseline	Noise	Group	Channel	10-90Rise	HalfWidth	Rise50	Peak Dir	Burst#	BurstE#	10-90Slope	Rel Time	
1.00	10.50	27.46	0.80	2.90	64.09	8.41	2.16	0.00	0.00	0.50	2.63	0.50	-1.00	0.00	0.00	-43.97	10.50	
2.00	374.30	11.21	0.80	2.30	21.33	9.82	0.45	0.00	0.00	0.61	1.76	0.60	-1.00	0.00	0.00	-14.79	67.10	
3.00	411.00	10.04	1.80	1.70	20.59	9.47	-1.20	0.00	0.00	1.20	2.31	1.10	-1.00	0.00	0.00	-6.68	103.80	
4.00	587.00	20.69	1.30	12.20	153.82	10.45	0.92	0.00	0.00	0.41	1.80	0.50	-1.00	0.00	0.00	-39.99	23.80	
5.00	590.90	22.18	5.20	8.40	167.16	11.37	-0.52	255.00	0.00	4.31	3.01	0.70	-1.00	0.00	0.00	-4.12	78.90	
6.00	672.80	11.91	0.80	4.80	44.82	8.16	2.19	0.00	0.00	0.69	3.99	0.60	-1.00	0.00	0.00	-13.87	32.80	
7.00	693.90	6.56	6.00	1.70	27.38	8.31	1.31	0.00	0.00	5.33	2.79	1.30	-1.00	0.00	0.00	-0.98	53.90	
8.00	824.80	6.75	3.20	0.70	11.72	8.79	0.38	0.00	0.00	2.16	0.86	0.70	-1.00	0.00	0.00	-2.50	56.80	
9.00	920.00	11.07	0.90	3.00	30.07	8.61	0.89	0.00	0.00	0.72	3.17	0.60	-1.00	0.00	0.00	-12.21	24.00	
10.00	926.90	7.32	0.50	2.60	15.14	3.38	1.42	0.00	0.00	0.32	2.10	0.30	-1.00	0.00	0.00	-18.38	107.70	
11.00	1273.30	18.01	0.80	3.60	51.89	11.01	0.12	0.00	0.00	0.34	2.46	0.50	-1.00	0.00	0.00	-42.54	121.30	
12.00	1620.00	11.37	0.70	1.60	15.03	11.50	0.88	0.00	0.00	0.49	1.43	0.40	-1.00	0.00	0.00	-18.73	32.80	
13.00	1624.10	13.64	0.60	3.80	36.45	10.68	0.03	255.00	0.00	0.43	1.80	0.40	-1.00	0.00	0.00	-25.35	88.10	
14.00	1667.50	10.39	1.50	2.20	22.28	11.06	0.28	0.00	0.00	1.26	1.90	0.80	-1.00	0.00	0.00	-6.60	3.50	
15.00	1743.80	7.32	3.10	1.20	11.95	11.53	-0.82	0.00	0.00	1.87	0.38	0.20	-1.00	0.00	0.00	-3.13	79.80	
16.00	1815.00	20.14	1.30	3.00	51.33	11.07	0.64	0.00	0.00	0.89	2.27	0.50	-1.00	0.00	0.00	-18.04	23.00	
17.00	2323.20	36.70	1.10	3.20	96.54	10.92	-0.26	0.00	0.00	0.51	2.77	0.90	-1.00	0.00	0.00	-57.12	19.20	
18.00	2361.10	6.20	1.70	1.80	11.59	10.43	0.35	0.00	0.00	1.48	0.64	0.30	-1.00	0.00	0.00	-3.35	57.10	
19.00	2366.50	8.11	0.70	1.40	11.09	8.32	-0.19	0.00	0.00	0.55	1.29	0.60	-1.00	0.00	0.00	-11.73	11.30	
20.00	2469.20	9.17	0.80	1.40	12.41	10.11	-0.34	0.00	0.00	0.72	1.71	0.60	-1.00	0.00	0.00	-10.24	37.20	
21.00	2599.80	17.00	1.20	2.60	37.50	10.75	-0.41	0.00	0.00	0.47	2.46	0.40	-1.00	0.00	0.00	-28.87	39.80	
22.00	2843.40	6.17	1.50	1.00	10.03	11.95	-0.35	0.00	0.00	1.21	2.00	1.30	-1.00	0.00	0.00	-4.06	27.40	
23.00	3327.00	14.68	0.60	1.90	24.23	7.73	1.02	0.00	0.00	0.38	1.64	0.40	-1.00	0.00	0.00	-30.75	127.00	
24.00	3434.80	11.37	0.90	1.90	18.33	11.01	-0.22	0.00	0.00	0.63	1.48	0.40	-1.00	0.00	0.00	-14.55	106.80	
25.00	3621.50	13.92	0.50	2.00	20.23	10.04	-0.71	0.00	0.00	0.33	1.51	0.30	-1.00	0.00	0.00	-33.66	37.50	
26.00	3904.90	15.11	1.80	3.00	36.92	10.01	-0.24	0.00	0.00	0.35	2.24	0.40	-1.00	0.00	0.00	-34.45	64.90	
27.00	3910.70	19.88	7.60	4.20	103.33	10.10	1.40	255.00	0.00	6.18	2.22	0.50	-1.00	0.00	0.00	-2.57	70.70	
28.00	4105.00	10.45	0.70	4.00	33.53	10.97	0.41	0.00	0.00	0.50	4.07	0.60	-1.00	0.00	0.00	-16.77	85.80	
29.00	4319.70	6.09	0.90	5.30	25.68	12.07	-1.92	0.00	0.00	0.71	2.79	0.60	-1.00	0.00	0.00	-6.87	95.70	
30.00	4558.60	23.37	1.00	2.50	46.11	10.42	-1.13	0.00	0.00	0.55	1.94	0.60	-1.00	0.00	0.00	-34.14	78.60	
31.00	4637.60	8.43	0.50	2.40	16.59	6.57	4.30	0.00	0.00	0.35	2.20	0.40	-1.00	0.00	0.00	-19.46	29.60	
32.00	4678.00	8.32	3.00	0.80	15.33	9.09	1.29	0.00	0.00	1.89	1.89	1.20	-1.00	0.00	0.00	-3.52	70.00	
33.00	4776.80	20.53	1.40	3.80	54.01	9.45	0.43	0.00	0.00	0.47	2.16	0.50	-1.00	0.00	0.00	-35.25	40.80	
34.00	4799.30	11.05	1.00	2.50	23.39	6.70	0.66	0.00	0.00	0.79	1.27	0.60	-1.00	0.00	0.00	-11.13	63.30	
35.00	4812.60	6.31	0.90	0.90	4.60	5.47	-1.26	0.00	0.00	0.35	0.46	0.30	-1.00	0.00	0.00	-14.51	76.60	
36.00	4848.80	6.20	1.70	1.60	9.77	7.84	1.35	0.00	0.00	1.32	1.11	0.20	-1.00	0.00	0.00	-3.75	112.80	
37.00	4889.20	6.36	1.10	0.40	4.40	7.51	0.52	0.00	0.00	0.58	0.66	0.50	-1.00	0.00	0.00	-8.70	25.20	
38.00	4997.00	6.27	0.90	1.60	8.36	9.91	-0.39	0.00	0.00	0.73	0.82	0.50	-1.00	0.00	0.00	-6.88	5.00	
39.00	5041.40	6.39	0.70	0.90	5.42	9.84	1.32	0.00	0.00	0.63	0.42	0.20	-1.00	0.00	0.00	-8.14	49.40	
40.00	5056.60	12.42	0.80	2.80	25.86	9.99	-0.84	0.00	0.00	0.49	1.24	0.50	-1.00	0.00	0.00	-20.09	64.60	
41.00	5073.60	9.24	0.80	4.60	30.92	9.66	-0.18	0.00	0.00	0.50	2.76	0.60	-1.00	0.00	0.00	-14.79	81.60	
42.00	5127.80	6.39	1.20	2.00	10.24	9.45	2.01	0.00	0.00	0.72	1.22	0.20	-1.00	0.00	0.00	-7.06	84.60	
43.00	5314.30	7.44	1.10	0.90	10.51	9.94	-0.10	0.00	0.00	0.81	1.48	1.00	-1.00	0.00	0.00	-7.39	66.30	
44.00	5399.70	16.65	0.60	3.80	47.71	9.93	-0.19	0.00	0.00	0.34	2.91	0.50	-1.00	0.00	0.00	-38.71	23.70	
45.00	5500.10	6.89	1.40	0.80	6.79	10.49	-0.39	0.00	0.00	0.92	0.78	0.50	-1.00	0.00	0.00	-6.01	124.10	
46.00	6013.20	12.27	4.00	2.00	33.41	11.51	-0.57	0.00	0.00	3.24	2.20	0.80	-1.00	0.00	0.00	-3.03	125.20	
47.00	6213.80	7.02	0.70	0.80	4.80	11.17	1.98	0.00	0.00	0.54	0.44	0.40	-1.00	0.00	0.00	-10.35	69.80	
48.00	6436.90	10.41	1.10	1.80	19.49	9.81	1.64	0.00	0.00	0.96	2.35	0.90	-1.00	0.00	0.00	-8.64	36.90	
49.00	6459.90	7.28	1.70	1.00	8.87	9.23	-1.11	0.00	0.00	1.55	0.43	0.30	-1.00	0.00	0.00	-3.75	59.90	
50.00	6526.10	9.21	1.40	1.20	13.22	9.80	1.15	0.00	0.00	1.16	1.58	1.10	-1.00	0.00	0.00	-6.34	126.10	
51.00	6582.80	6.81	2.70	1.10	12.80	10.16	2.23	0.00	0.00	1.97	1.17	0.50	-1.00	0.00	0.00	-2.77	54.80	
52.00	6666.20	15.35	0.90	2.50	31.46	9.49	0.44	0.00	0.00	0.49	1.89	0.70	-1.00	0.00	0.00	-25.16	10.20	
53.00	6752.70	12.03	1.00	2.00	23.88	9.84	-0.21	0.00	0.00	0.86	1.96	0.60	-1.00	0.00	0.00	-11.20	96.70	
54.00	7634.60	13.35	0.90	2.00	25.02	7.77	0.58	0.00	0.00	0.69	1.67	0.80	-1.00	0.00	0.00	-15.56	82.60	
55.00	7708.30	6.13	1.70	2.00	11.83	11.13	-0.15	0.00	0.00	1.48	0.93	0.50	-1.00	0.00	0.00	-3.31	28.30	
56.00	7806.30	7.58	1.10	0.80	8.73	11.29	-1.94	0.00	0.00	0.85	1.29	0.70	-1.00	0.00	0.00	-7.17	126.30	
57.00	8213.70	9.16	0.80	2.40	18.03	10.95	0.57	0.00	0.00	0.64	1.44	0.30	-1.00	0.00	0.00	-11.46	21.70	
58.00	8254.60	13.28	0.80	2.00	25.32	10.22	-0.43	0.00	0.00	0.45	2.27	0.60	-1.00	0.00	0.00	-23.88	62.60	
59.00	8466.60	9.36	0.90	2.50	22.05	10.50	1.20	0.00	0.00	0.68	2.61	0.40	-1.00	0.00	0.00	-11.05	18.60	
60.00	8723.20	11.43	2.60	2.30	25.13	10.93	-0.56	0.00	0.00	0.62	1.72	0.50	-1.00	0.00	0.00	-14.81	19.20	
61.00	8813.70	11.52	0.70	2.00	18.71	10.88	0.45	0.00	0.00	0.43	1.26	0.50	-1.00	0.00	0.00	-21.24	109.70	
62.00	8832.30	13.50	2.20	1.90	23.85	10.68	-0.01	0.00	0.00	0.40	1.58	0.40	-1.00	0.00	0.00	-26.98	51.50	
63.00	8872.90	7.69	1.00	1.00	9.27	10.26	0.74	0.00	0.00	0.86	1.30	0.50	-1.00	0.00	0.00	-7.18	40.90	
64.00	8881.70	6.42	1.50	0.70	6.86	10.53	-1.25	0.00	0.00	1.10	1.12	0.50	-1.00	0.00	0.00	-4.68	49.70	
65.00	9007.60	6.32	0.60	4.60	22.96	10.03	-0.19	0.00	0.00	0.40	2.75	0.30	-1.00	0.00	0.00	-12.65	47.60	
66.00	9104.70	12.60	1.30	1.60	20.88	10.27	1.42	0.00	0.00	1.06	1.58	0.90	-1.00	0.00	0.00	-9.55	16.70	
67.00	9117.70	10.40	0.60	1.30	14.08	7.49	-0.34	0.00	0.00	0.47	1.56	0.50	-1.00	0.00	0.00	-17.74	29.70	
68.00	9373.30	17.79	2.70	3.30	54.81	10.52	1.33	0.00	0.00	0.77	3.13	0.70	-1.00	0.00	0.00	-18.52	29.30	
69.00	9412.70	11.90	0.70	4.30	34.43	10.61	0.69	0.00	0.00	0.49	2.28	0.50	-1.00	0.00	0.00	-19.61	68.70	
70.00	9585.00	14.71	0.80	3.60	42.41	11.66	2.13	0.00	0.00	0.36	2.63	0.60	-1.00	0.00	0.00	-32.30	113.00	
71.00	9597.80	23.32	0.90	3.40	64.35	9.20	0.13	0.00	0.00	0.42	2.54	0.70	-1.00	0.00	0.00	-44.53	125.80	
72.00	9660.40	13.30	0.80	1.80	19.35	9.69	0.40	0.00	0.00	0.54	1.58	0.50	-1.00	0.00	0.00	-19.81	9.20	
73.00	9676.90	26.85	1.20	3.90	84.18	8.60	-2.12	0.00	0.00	0.74	3.17	0.90	-1.00	0.00	0.00	-28.89	76.90	
74.00	9766.40	6.53	1.80	1.50	8.94	10.33	-0.59	0.00	0.00	1.67	0.60	0.40	-1.00	0.00	0.00	-3.12	38.40	
75.00	9781.50	6.12	0.60	2.00	9.67	8.13	0.64	0.00	0.00	0.42	1.74	0.20	-1.00	0.00	0.00	-11.64	53.50	
76.00	9802.90	12.81	0.60	3.10	30.83	11.46	0.26	0.00	0.00	0.46	2.29	0.40	-1.00	0.00	0.00	-22.49	74.90	
77.00	9884.40	6.75	3.30	1.70	15.17	9.62	-1.06	0.00	0.00	2.10	1.40	0.40	-1.00	0.00	0.00	-2.57	28.40	
78.00	9902.10	8.77	0.60	2.80	17.70	10.36	1.32	0.00	0.00	0.38	1.40	0.30	-1.00	0.00	0.00	-18.28	46.10	
79.00	9918.90	9.93	0.80	1.30	11.86	9.32	0.02	0.00	0.00	0.57	1.25	0.50	-1.00	0.00	0.00	-13.85	62.90	
80.00	9980.50	6.94	0.40	0.50	4.01	10.14	0.99	0.00	0.00	0.30	0.56	0.30	-1.00	0.00	0.00	-18.77	124.50	
81.00	10086.80	19.18	0.80	2.10	34.67	11.64	0.46	0.00	0.00	0.52	1.89	0.60	-1.00	0.00	0.00	-29.41	102.80	
82.00	10130.40	6.28	0.80	1.20	6.87	10.33	0.06	0.00	0.00	0.61	0.88	0.30	-1.00	0.00	0.00	-8.18	18.40	
83.00	10174.10	13.81	1.10	1.90	29.44	10.28	1.27	0.00	0.00	0.78	2.27	0.90	-1.00	0.00	0.00	-14.20	36.50	
84.00	10233.50	13.28	1.10	2.80	27.92	9.81	0.64	0.00	0.00	0.82	1.40	0.80	-1.00	0.00	0.00	-12.98	95.90	
85.00	10475.40	14.08	0.60	1.90	23.34	9.50	-0.46	0.00	0.00	0.43	1.78	0.30	-1.00	0.00	0.00	-26.10	107.40	
86.00	10604.20	12.29	0.90	3.20	33.45	9.97	0.26	0.00	0.00	0.54	3.04	0.60	-1.00	0.00	0.00	-18.21	108.20	
87.00	10613.70	9.04	10.40	0.80	66.76	10.78	-0.55	255.00	0.00	3.14	0.97	0.70	-1.00	0.00	0.00	-2.30	117.70	
88.00	10702.10	7.62	2.10	1.00	12.08	12.96	-1.12	0.00	0.00	1.34	1.12	0.70	-1.00	0.00	0.00	-4.55	78.10	
89.00	11182.20	22.16	2.00	2.70	53.83	10.90	1.45	0.00	0.00	1.21	2.09	0.70	-1.00	0.00	0.00	-14.63	46.20	
90.00	11215.90	6.91	1.10	1.10	8.53	8.07	-1.22	0.00	0.00	0.96	1.16	0.90	-1.00	0.00	0.00	-5.74	79.90	
91.00	11218.40	13.33	3.80	4.70	65.28	11.07	1.53	255.00	0.00	3.46	4.08	1.00	-1.00	0.00	0.00	-3.09	82.40	
92.00	11405.90	7.43	2.70	0.40	11.75	10.90	0.79	0.00	0.00	1.53	0.51	0.30	-1.00	0.00	0.00	-3.88	13.90	
93.00	11474.60	7.22	0.70	1.20	8.45	8.89	1.11	0.00	0.00	0.54	1.19	0.30	-1.00	0.00	0.00	-10.63	82.60	
94.00	11521.90	15.35	1.00	2.40	35.33	10.21	1.27	0.00	0.00	0.73	2.89	0.90	-1.00	0.00	0.00	-16.83	1.90	
95.00	11530.40	7.67	1.70	1.10	9.01	7.90	-1.29	0.00	0.00	0.84	0.86	0.60	-1.00	0.00	0.00	-7.27	10.40	
96.00	11578.60	6.45	2.50	0.80	11.04	10.05	1.21	0.00	0.00	2.37	0.95	0.60	-1.00	0.00	0.00	-2.18	58.60	
97.00	11598.70	11.78	0.90	2.20	20.57	11.26	0.29	0.00	0.00	0.56	1.71	0.50	-1.00	0.00	0.00	-16.84	78.70	
98.00	11680.60	6.15	1.20	1.20	7.43	11.62	1.00	0.00	0.00	1.03	0.55	0.30	-1.00	0.00	0.00	-4.79	7.00	
99.00	11687.40	7.54	3.00	1.70	20.12	12.19	-2.31	0.00	0.00	2.67	2.84	1.40	-1.00	0.00	0.00	-2.26	39.40	
100.00	11698.40	7.25	2.70	5.00	30.11	11.31	-1.94	0.00	0.00	2.40	1.70	0.90	-1.00	0.00	0.00	-2.41	50.40	
101.00	11744.50	22.50	0.70	2.90	50.40	11.35	0.54	0.00	0.00	0.43	2.11	0.50	-1.00	0.00	0.00	-41.53	96.50	
102.00	11792.10	8.01	0.80	1.00	9.70	9.34	-0.60	0.00	0.00	0.53	1.27	0.60	-1.00	0.00	0.00	-12.11	16.10	
103.00	11814.60	6.37	1.50	0.80	5.99	9.92	-1.25	0.00	0.00	0.33	0.44	0.20	-1.00	0.00	0.00	-15.62	38.60	
104.00	12033.30	17.96	1.20	2.30	34.32	10.04	0.42	0.00	0.00	0.97	1.86	0.70	-1.00	0.00	0.00	-14.88	1.30	
105.00	12052.00	6.58	1.20	1.60	9.75	11.07	0.10	0.00	0.00	1.05	0.73	0.30	-1.00	0.00	0.00	-5.02	20.00	
106.00	12117.60	10.32	1.10	2.10	20.01	11.00	-1.86	0.00	0.00	0.58	1.65	0.60	-1.00	0.00	0.00	-14.30	85.60	
107.00	12267.20	14.37	0.60	1.90	24.05	11.14	2.05	0.00	0.00	0.47	2.16	0.40	-1.00	0.00	0.00	-24.57	107.20	
108.00	12458.30	20.94	1.00	3.00	49.74	10.27	1.19	0.00	0.00	0.52	1.99	0.50	-1.00	0.00	0.00	-32.50	42.30	
109.00	12491.00	6.72	0.60	1.30	8.24	7.26	-2.38	0.00	0.00	0.33	1.07	0.40	-1.00	0.00	0.00	-16.12	75.00	
110.00	12566.70	6.47	2.60	1.80	16.24	9.95	-0.06	0.00	0.00	2.45	1.94	1.20	-1.00	0.00	0.00	-2.11	22.70	
111.00	12639.50	8.20	4.60	0.90	16.05	10.70	-0.97	0.00	0.00	2.13	0.77	0.30	-1.00	0.00	0.00	-3.08	95.50	
112.00	12643.30	11.46	0.50	1.50	15.81	8.26	1.73	0.00	0.00	0.32	1.28	0.40	-1.00	0.00	0.00	-28.80	99.30	
113.00	12653.10	7.39	2.40	2.60	20.13	10.75	-0.26	0.00	0.00	1.64	2.83	1.50	-1.00	0.00	0.00	-3.60	109.10	
114.00	12687.20	12.35	1.10	1.40	17.60	11.12	0.43	0.00	0.00	0.86	1.45	0.60	-1.00	0.00	0.00	-11.44	15.20	
115.00	12838.60	11.29	1.40	6.10	55.18	12.33	1.25	0.00	0.00	0.89	2.38	0.90	-1.00	0.00	0.00	-10.10	38.60	
116.00	12841.50	10.83	4.00	1.40	40.00	11.05	0.78	255.00	0.00	3.53	1.74	1.20	-1.00	0.00	0.00	-2.45	41.50	
117.00	12899.50	7.10	3.70	1.80	21.45	10.92	-0.17	0.00	0.00	2.87	3.18	1.60	-1.00	0.00	0.00	-1.98	99.50	
118.00	12942.00	10.37	0.70	1.50	14.31	11.52	-1.69	0.00	0.00	0.43	1.32	0.40	-1.00	0.00	0.00	-19.31	14.00	
119.00	12942.80	8.00	1.50	2.70	22.88	11.63	0.10	0.00	0.00	0.34	1.81	1.30	-1.00	0.00	0.00	-18.71	14.80	
120.00	13013.70	9.29	0.90	1.50	13.42	12.10	1.53	0.00	0.00	0.72	1.80	0.70	-1.00	0.00	0.00	-10.26	85.70	
121.00	13028.10	16.16	1.10	2.80	38.13	10.43	-0.48	0.00	0.00	0.84	2.03	0.90	-1.00	0.00	0.00	-15.31	100.10	
122.00	13172.60	10.46	1.30	1.80	22.98	10.89	-0.36	0.00	0.00	1.15	2.23	1.10	-1.00	0.00	0.00	-7.27	116.60	
123.00	13176.00	7.25	4.70	2.50	36.85	10.07	0.02	255.00	0.00	1.41	1.24	0.90	-1.00	0.00	0.00	-4.12	120.00	
124.00	13444.90	12.69	2.00	4.40	39.54	11.78	0.47	0.00	0.00	0.80	1.40	0.70	-1.00	0.00	0.00	-12.65	4.90	
125.00	13521.30	7.09	6.30	0.30	23.61	11.37	0.89	0.00	0.00	5.76	2.24	2.10	-1.00	0.00	0.00	-0.99	81.30	
126.00	13547.20	7.64	1.70	1.80	14.61	10.70	-0.59	0.00	0.00	1.48	1.03	0.90	-1.00	0.00	0.00	-4.12	107.20	
127.00	13575.10	16.76	0.70	3.20	40.67	9.85	-1.43	0.00	0.00	0.27	2.14	0.50	-1.00	0.00	0.00	-49.02	7.10	
128.00	13592.80	6.07	6.00	0.60	17.16	10.26	-0.21	0.00	0.00	3.45	0.61	0.40	-1.00	0.00	0.00	-1.41	24.80	
129.00	13620.40	7.39	1.00	1.10	8.95	10.74	0.60	0.00	0.00	0.83	1.03	0.80	-1.00	0.00	0.00	-7.09	52.40	
130.00	13802.40	7.33	1.50	1.60	12.70	11.20	-0.71	0.00	0.00	1.05	1.83	0.50	-1.00	0.00	0.00	-5.57	106.40	
131.00	13845.00	8.51	0.70	3.50	23.48	11.08	-0.25	0.00	0.00	0.52	1.69	0.50	-1.00	0.00	0.00	-13.19	21.00	
132.00	13847.80	8.22	3.50	0.70	22.45	10.83	0.60	255.00	0.00	3.27	0.68	0.40	-1.00	0.00	0.00	-2.01	23.80	
133.00	14038.90	20.31	1.90	2.70	52.46	11.37	-0.21	0.00	0.00	1.39	2.36	0.90	-1.00	0.00	0.00	-11.67	86.90	
134.00	14223.80	18.10	0.70	4.40	53.56	11.33	0.56	0.00	0.00	0.43	2.56	0.40	-1.00	0.00	0.00	-33.85	15.80	
135.00	14345.70	40.99	0.90	3.70	105.35	10.79	0.81	0.00	0.00	0.51	2.26	0.50	-1.00	0.00	0.00	-64.53	9.70	
136.00	14362.60	18.63	17.80	3.70	251.87	10.93	0.10	255.00	0.00	17.34	2.49	0.80	-1.00	0.00	0.00	-0.86	26.60	
137.00	15138.50	11.05	0.40	1.90	17.33	8.84	1.64	0.00	0.00	0.28	1.65	0.30	-1.00	0.00	0.00	-32.14	34.50	
138.00	15320.50	12.27	0.40	1.30	13.67	10.89	1.50	0.00	0.00	0.25	1.22	0.30	-1.00	0.00	0.00	-38.86	216.50	
139.00	15323.60	8.90	3.60	1.10	28.91	11.33	-1.52	255.00	0.00	3.41	1.53	1.00	-1.00	0.00	0.00	-2.09	66.00	
140.00	15393.00	7.83	7.70	2.00	37.65	10.96	1.32	0.00	0.00	6.28	1.66	0.40	-1.00	0.00	0.00	-1.00	33.00	
141.00	15448.30	6.37	2.50	1.40	14.04	10.06	-1.67	0.00	0.00	2.35	1.49	0.40	-1.00	0.00	0.00	-2.16	88.30	
142.00	15463.50	16.21	0.80	1.60	24.61	9.56	0.40	0.00	0.00	0.60	1.51	0.60	-1.00	0.00	0.00	-21.44	103.50	
143.00	15478.20	46.36	1.90	3.10	119.60	9.45	-0.18	0.00	0.00	0.54	2.31	0.90	-1.00	0.00	0.00	-68.44	118.20	
144.00	15490.60	19.50	13.50	8.50	284.36	8.08	0.79	255.00	0.00	13.35	3.66	1.00	-1.00	0.00	0.00	-1.17	28.20	
145.00	15649.90	8.18	0.40	2.70	16.69	9.61	-0.13	0.00	0.00	0.27	2.31	0.30	-1.00	0.00	0.00	-24.50	33.90	
146.00	15759.20	14.31	1.10	1.90	24.97	10.41	0.87	0.00	0.00	0.44	1.98	0.50	-1.00	0.00	0.00	-26.29	15.20	
147.00	15775.60	9.67	0.70	1.60	15.31	8.15	-0.28	0.00	0.00	0.57	1.71	0.60	-1.00	0.00	0.00	-13.59	31.60	
148.00	15782.20	6.49	7.30	1.70	36.58	8.28	0.64	255.00	0.00	2.00	1.14	0.30	-1.00	0.00	0.00	-2.60	12.60	
149.00	15879.60	10.66	2.60	9.10	117.24	11.42	-0.59	0.00	0.00	2.40	9.56	1.80	-1.00	0.00	0.00	-3.55	7.60	
150.00	15882.10	23.86	5.10	4.70	103.47	11.22	0.53	255.00	0.00	4.43	2.88	0.60	-1.00	0.00	0.00	-4.31	10.10	
151.00	15969.20	13.52	0.90	2.10	22.30	9.14	-0.96	0.00	0.00	0.61	1.44	0.50	-1.00	0.00	0.00	-17.75	97.20	
152.00	16217.30	17.80	1.20	1.90	28.28	11.14	-0.18	0.00	0.00	0.56	1.56	0.60	-1.00	0.00	0.00	-25.46	89.30	
153.00	16269.70	6.58	1.10	1.00	5.80	9.61	0.68	0.00	0.00	0.55	0.61	0.30	-1.00	0.00	0.00	-9.52	13.70	
154.00	16419.50	6.60	1.00	2.30	12.92	11.73	0.24	0.00	0.00	0.76	1.41	0.70	-1.00	0.00	0.00	-6.92	35.50	
155.00	16585.40	6.62	1.80	0.80	10.13	9.81	0.43	0.00	0.00	1.59	1.11	0.50	-1.00	0.00	0.00	-3.34	73.40	
156.00	16602.70	8.87	1.90	1.50	15.60	9.99	0.21	0.00	0.00	1.13	1.58	1.00	-1.00	0.00	0.00	-6.28	90.70	
157.00	16684.60	7.32	0.70	3.70	18.19	11.66	0.46	0.00	0.00	0.47	1.64	0.30	-1.00	0.00	0.00	-12.53	44.60	
158.00	17067.80	10.83	0.80	1.70	15.96	11.87	-1.03	0.00	0.00	0.52	1.47	0.60	-1.00	0.00	0.00	-16.78	43.80	
159.00	17725.60	6.55	1.00	1.50	9.91	12.32	-0.01	0.00	0.00	0.87	1.42	0.60	-1.00	0.00	0.00	-5.99	61.60	
160.00	17895.10	13.40	3.70	2.10	34.76	13.04	1.60	0.00	0.00	2.66	2.60	0.70	-1.00	0.00	0.00	-4.03	26.30	
161.00	17978.10	9.20	0.80	1.50	13.22	11.51	0.24	0.00	0.00	0.54	1.42	0.50	-1.00	0.00	0.00	-13.54	58.10	
162.00	18027.60	24.14	1.60	1.60	50.70	10.19	-0.06	0.00	0.00	1.33	2.20	1.30	-1.00	0.00	0.00	-14.54	107.60	
163.00	18053.20	6.48	1.70	0.60	6.93	9.61	2.37	0.00	0.00	1.37	0.68	0.40	-1.00	0.00	0.00	-3.79	5.20	
164.00	18144.00	15.40	1.70	1.40	25.64	11.10	0.35	0.00	0.00	0.43	1.64	0.80	-1.00	0.00	0.00	-28.77	96.00	
165.00	18240.40	25.80	0.90	2.40	51.64	11.07	0.20	0.00	0.00	0.46	1.94	0.60	-1.00	0.00	0.00	-45.33	64.40	
166.00	18246.90	10.53	11.00	5.40	109.68	11.41	-0.02	255.00	0.00	1.11	1.72	0.50	-1.00	0.00	0.00	-7.59	19.70	
167.00	18493.30	6.49	2.60	1.30	11.30	12.38	-1.07	0.00	0.00	2.37	1.29	0.40	-1.00	0.00	0.00	-2.19	61.30	
168.00	18524.10	7.61	1.10	1.50	12.10	12.05	-0.95	0.00	0.00	0.94	1.39	0.50	-1.00	0.00	0.00	-6.48	92.10	
169.00	18549.90	10.96	0.90	1.90	17.46	11.66	1.64	0.00	0.00	0.65	1.72	0.70	-1.00	0.00	0.00	-13.56	15.50	
170.00	18725.10	24.82	1.10	3.70	75.15	9.92	1.07	0.00	0.00	0.41	2.62	0.90	-1.00	0.00	0.00	-48.89	62.70	
171.00	18755.20	10.63	0.80	1.90	16.46	8.04	-0.03	0.00	0.00	0.53	1.32	0.40	-1.00	0.00	0.00	-16.09	92.80	
172.00	18809.30	18.21	0.90	4.20	57.27	8.77	1.00	0.00	0.00	0.50	3.18	0.60	-1.00	0.00	0.00	-29.37	18.90	
173.00	18870.20	14.89	0.70	1.40	18.91	10.00	-2.65	0.00	0.00	0.44	1.09	0.50	-1.00	0.00	0.00	-27.07	79.80	
174.00	18936.30	7.90	1.90	2.30	20.77	11.71	0.27	0.00	0.00	1.68	1.95	1.50	-1.00	0.00	0.00	-3.77	17.90	
175.00	19244.40	16.58	1.00	2.50	33.55	11.17	0.43	0.00	0.00	0.52	1.96	0.40	-1.00	0.00	0.00	-25.42	70.00	
176.00	19386.40	6.91	1.70	1.30	9.84	12.59	1.67	0.00	0.00	1.47	0.73	0.30	-1.00	0.00	0.00	-3.77	84.00	
177.00	19442.50	19.08	0.80	3.00	43.88	11.99	1.68	0.00	0.00	0.46	2.02	0.50	-1.00	0.00	0.00	-33.16	12.10	
178.00	19454.50	14.22	0.60	1.90	23.41	10.14	-0.50	0.00	0.00	0.37	2.06	0.40	-1.00	0.00	0.00	-30.62	24.10	
179.00	19549.40	7.10	1.20	6.80	34.81	11.86	-0.03	0.00	0.00	1.01	1.38	0.90	-1.00	0.00	0.00	-5.63	119.00	
180.00	19742.10	6.11	1.00	0.90	5.24	10.79	1.65	0.00	0.00	0.83	0.53	0.30	-1.00	0.00	0.00	-5.91	55.70	
181.00	19749.90	19.36	1.10	2.50	40.69	8.65	2.02	0.00	0.00	0.73	2.13	0.70	-1.00	0.00	0.00	-21.31	63.50	
182.00	19770.30	6.37	1.50	0.40	7.25	8.00	0.60	0.00	0.00	1.36	0.66	0.40	-1.00	0.00	0.00	-3.75	83.90	
183.00	19781.00	6.22	1.30	0.60	6.43	8.07	0.42	0.00	0.00	1.15	0.57	0.20	-1.00	0.00	0.00	-4.33	94.60	
184.00	19918.90	9.28	1.60	2.90	22.57	11.29	-0.13	0.00	0.00	0.56	1.44	0.40	-1.00	0.00	0.00	-13.23	78.90	
185.00	19930.70	15.61	1.00	1.80	25.68	8.79	-0.07	0.00	0.00	0.51	1.90	0.50	-1.00	0.00	0.00	-24.41	116.30	
186.00	19943.90	10.53	0.80	1.60	17.89	8.99	-1.36	0.00	0.00	0.58	1.88	0.50	-1.00	0.00	0.00	-14.64	1.50	
187.00	19946.80	6.75	3.70	1.30	24.18	7.91	-1.68	255.00	0.00	3.57	0.88	0.40	-1.00	0.00	0.00	-1.51	81.20	
188.00	19955.50	9.34	1.60	1.50	18.57	9.13	0.10	0.00	0.00	1.39	2.24	1.10	-1.00	0.00	0.00	-5.38	13.10	
189.00	20048.50	15.66	0.90	2.70	31.56	9.16	1.31	0.00	0.00	0.62	2.01	0.50	-1.00	0.00	0.00	-20.32	106.10	
190.00	20163.60	6.94	2.10	1.10	12.67	10.80	0.95	0.00	0.00	1.90	1.75	0.90	-1.00	0.00	0.00	-2.91	93.20	
191.00	20348.10	8.63	0.80	1.50	12.00	9.66	-0.34	0.00	0.00	0.50	1.35	0.60	-1.00	0.00	0.00	-13.83	21.70	
192.00	20463.60	17.05	0.80	2.90	42.37	12.39	-0.83	0.00	0.00	0.49	3.13	0.50	-1.00	0.00	0.00	-27.61	9.20	
193.00	20725.10	11.60	1.60	2.20	24.08	10.94	0.79	0.00	0.00	1.38	1.60	1.20	-1.00	0.00	0.00	-6.71	14.70	
194.00	20949.40	6.36	1.60	1.20	8.82	10.76	-0.87	0.00	0.00	1.10	0.99	0.80	-1.00	0.00	0.00	-4.64	85.40	
195.00	21119.60	15.06	0.90	3.90	44.04	11.49	-0.49	0.00	0.00	0.59	2.36	0.60	-1.00	0.00	0.00	-20.53	25.20	
196.00	21142.00	21.24	3.20	1.70	39.19	8.16	0.26	0.00	0.00	0.69	1.65	0.60	-1.00	0.00	0.00	-24.73	47.60	
197.00	21160.30	13.21	0.90	2.70	31.38	8.47	0.65	0.00	0.00	0.36	2.43	0.40	-1.00	0.00	0.00	-29.35	65.90	
198.00	21167.80	11.83	4.00	2.30	31.32	7.51	1.05	255.00	0.00	1.74	2.05	0.50	-1.00	0.00	0.00	-5.43	73.40	
199.00	21177.10	16.25	1.00	2.30	31.64	7.13	-0.03	0.00	0.00	0.71	1.46	0.70	-1.00	0.00	0.00	-18.19	82.70	
200.00	21180.80	12.57	7.90	1.40	66.60	9.70	-0.36	255.00	0.00	4.73	1.59	0.50	-1.00	0.00	0.00	-2.13	86.40	
201.00	21209.30	8.66	0.90	2.10	15.18	8.27	-1.11	0.00	0.00	0.75	1.72	0.30	-1.00	0.00	0.00	-9.29	114.90	
202.00	21564.20	6.07	2.20	1.10	9.03	9.57	-0.46	0.00	0.00	1.85	0.95	0.30	-1.00	0.00	0.00	-2.63	85.80	
203.00	21689.00	8.02	0.50	2.50	16.80	10.58	-0.66	0.00	0.00	0.39	2.30	0.30	-1.00	0.00	0.00	-16.62	82.60	
204.00	21710.00	8.59	6.40	1.70	31.07	10.62	0.05	0.00	0.00	6.24	1.86	0.80	-1.00	0.00	0.00	-1.10	1.20	
205.00	21746.20	9.46	2.20	3.20	27.63	11.67	2.60	0.00	0.00	0.91	1.82	1.00	-1.00	0.00	0.00	-8.32	11.80	
206.00	21806.90	11.74	0.60	1.80	17.01	10.87	0.17	0.00	0.00	0.38	1.21	0.30	-1.00	0.00	0.00	-24.97	72.50	
207.00	21930.80	7.14	2.90	1.50	16.76	11.23	-2.98	0.00	0.00	2.44	0.99	0.20	-1.00	0.00	0.00	-2.34	68.40	
208.00	22102.20	14.37	1.00	2.50	31.27	11.68	-0.60	0.00	0.00	0.65	2.26	0.70	-1.00	0.00	0.00	-17.70	111.80	
209.00	22199.70	6.47	1.50	0.30	6.53	11.59	-0.86	0.00	0.00	1.25	0.99	0.90	-1.00	0.00	0.00	-4.13	81.30	
210.00	22325.50	9.67	5.00	3.10	36.44	12.41	-0.51	255.00	0.00	3.32	1.70	0.80	-1.00	0.00	0.00	-2.33	2.30	
211.00	22407.60	9.74	1.60	1.60	15.96	12.13	0.80	0.00	0.00	1.03	1.21	0.60	-1.00	0.00	0.00	-7.58	33.20	
212.00	22622.50	9.51	0.70	2.40	17.74	11.54	-0.13	0.00	0.00	0.50	1.68	0.60	-1.00	0.00	0.00	-15.18	120.10	
213.00	22733.60	13.86	1.20	2.50	30.52	11.78	0.42	0.00	0.00	0.73	1.86	0.80	-1.00	0.00	0.00	-15.28	103.20	
214.00	22855.30	12.96	1.60	2.10	24.90	11.62	-1.90	0.00	0.00	0.59	1.84	0.60	-1.00	0.00	0.00	-17.67	96.90	
215.00	22896.30	17.37	1.20	3.20	44.54	13.42	-0.06	0.00	0.00	0.44	2.75	0.30	-1.00	0.00	0.00	-31.88	9.90	
216.00	22904.80	11.37	1.30	18.50	195.06	11.98	-0.91	0.00	0.00	1.14	2.33	1.00	-1.00	0.00	0.00	-7.97	120.80	
217.00	22907.50	16.26	4.00	2.90	63.18	10.92	0.47	255.00	0.00	3.29	2.43	1.00	-1.00	0.00	0.00	-3.95	72.30	
218.00	22912.30	26.36	8.80	3.10	135.55	11.19	1.38	255.00	0.00	8.43	2.68	0.50	-1.00	0.00	0.00	-2.50	77.10	
219.00	23126.30	6.50	1.10	0.80	5.33	10.81	0.72	0.00	0.00	0.98	0.40	0.30	-1.00	0.00	0.00	-5.32	111.90	
220.00	23242.00	6.79	1.70	1.60	13.15	11.48	-0.70	0.00	0.00	1.52	1.13	1.00	-1.00	0.00	0.00	-3.57	74.00	
221.00	23326.20	16.93	1.00	4.60	52.84	10.30	-1.97	0.00	0.00	0.36	2.09	0.80	-1.00	0.00	0.00	-37.38	55.80	
222.00	23371.30	21.07	3.40	4.40	65.74	9.50	-0.49	0.00	0.00	0.48	1.43	0.50	-1.00	0.00	0.00	-35.26	100.90	
223.00	23390.60	9.75	1.30	2.10	19.70	7.48	0.88	0.00	0.00	0.85	2.28	0.70	-1.00	0.00	0.00	-9.14	17.80	
224.00	23395.30	7.91	1.60	2.10	16.20	7.40	-0.87	255.00	0.00	1.49	0.93	0.20	-1.00	0.00	0.00	-4.24	48.10	
225.00	23400.90	24.94	0.80	2.50	51.07	3.65	1.08	255.00	0.00	0.34	2.35	0.40	-1.00	0.00	0.00	-58.08	28.10	
226.00	23556.70	12.21	0.90	1.80	17.98	11.64	0.01	0.00	0.00	0.54	1.41	0.30	-1.00	0.00	0.00	-18.06	55.90	
227.00	23626.10	21.52	0.50	3.30	50.16	10.32	1.05	0.00	0.00	0.33	2.28	0.40	-1.00	0.00	0.00	-51.42	125.30	
228.00	23642.20	8.50	0.80	4.00	22.97	9.05	0.59	0.00	0.00	0.60	1.40	0.60	-1.00	0.00	0.00	-11.32	13.40	
229.00	23670.90	8.88	0.70	3.00	17.85	10.97	0.74	0.00	0.00	0.45	1.13	0.30	-1.00	0.00	0.00	-15.67	42.10	
230.00	23802.70	19.59	1.10	3.20	47.43	11.17	-2.79	0.00	0.00	0.47	1.82	0.80	-1.00	0.00	0.00	-33.66	45.90	
231.00	23877.80	8.38	1.60	1.60	13.82	11.11	0.65	0.00	0.00	0.76	1.72	0.80	-1.00	0.00	0.00	-8.80	121.00	
232.00	23923.30	10.01	1.60	1.90	21.28	10.81	1.69	0.00	0.00	1.46	2.22	1.40	-1.00	0.00	0.00	-5.49	38.50	
233.00	24064.90	9.34	1.20	1.30	11.20	11.24	-0.25	0.00	0.00	0.62	1.17	0.50	-1.00	0.00	0.00	-12.12	52.10	
234.00	24185.20	10.42	0.60	2.00	16.71	11.86	1.16	0.00	0.00	0.49	1.35	0.40	-1.00	0.00	0.00	-16.89	44.40	
235.00	24202.20	12.29	0.80	2.20	24.02	10.26	0.29	0.00	0.00	0.49	2.13	0.40	-1.00	0.00	0.00	-20.06	61.40	
236.00	24244.20	15.04	1.10	2.80	34.55	10.56	0.32	0.00	0.00	0.43	1.77	0.50	-1.00	0.00	0.00	-28.25	103.40	
237.00	24269.20	9.02	0.50	2.20	13.99	10.72	0.81	0.00	0.00	0.30	1.11	0.30	-1.00	0.00	0.00	-23.88	128.40	
238.00	24317.00	15.87	0.90	2.60	31.14	8.97	0.01	0.00	0.00	0.48	1.69	0.60	-1.00	0.00	0.00	-26.58	48.20	
239.00	24567.20	8.09	1.10	1.10	9.50	11.26	0.43	0.00	0.00	0.91	1.00	0.60	-1.00	0.00	0.00	-7.10	42.40	
240.00	24586.30	11.14	0.80	1.40	13.74	9.44	-0.74	0.00	0.00	0.52	1.51	0.50	-1.00	0.00	0.00	-17.20	61.50	
241.00	25310.20	6.16	1.20	0.70	6.23	10.85	1.24	0.00	0.00	1.07	1.17	0.70	-1.00	0.00	0.00	-4.60	17.40	
242.00	25408.80	6.07	1.90	1.00	9.23	10.35	1.00	0.00	0.00	1.55	1.25	0.50	-1.00	0.00	0.00	-3.13	116.00	
243.00	25417.50	8.38	1.00	3.30	23.53	11.42	0.13	0.00	0.00	0.84	3.72	0.80	-1.00	0.00	0.00	-7.97	124.70	
244.00	25429.00	8.40	1.00	1.20	12.28	10.62	0.46	0.00	0.00	0.81	1.71	0.70	-1.00	0.00	0.00	-8.29	8.20	
245.00	25615.10	15.17	0.90	3.00	36.93	10.26	2.51	0.00	0.00	0.63	2.09	0.70	-1.00	0.00	0.00	-19.27	66.30	
246.00	25715.50	19.57	0.90	1.90	38.08	11.79	-1.22	0.00	0.00	0.48	2.07	0.60	-1.00	0.00	0.00	-32.83	38.70	
247.00	25725.10	7.49	1.00	1.20	9.12	9.00	-2.16	255.00	0.00	0.61	1.25	0.60	-1.00	0.00	0.00	-9.75	125.10	
248.00	25800.70	12.39	2.00	3.50	35.91	11.03	0.35	0.00	0.00	1.17	2.22	1.10	-1.00	0.00	0.00	-8.46	123.90	
249.00	26417.80	13.80	0.60	1.80	21.06	10.03	0.53	0.00	0.00	0.51	1.37	0.40	-1.00	0.00	0.00	-21.67	101.00	
250.00	26451.40	11.81	1.60	3.90	37.14	9.17	-0.38	0.00	0.00	1.03	1.99	1.00	-1.00	0.00	0.00	-9.15	6.60	
251.00	26453.90	11.74	6.40	3.50	64.51	11.34	-1.03	255.00	0.00	4.05	4.87	3.50	-1.00	0.00	0.00	-2.32	85.90	
252.00	26542.20	6.82	1.50	0.40	7.46	7.31	-0.54	0.00	0.00	1.34	1.27	1.00	-1.00	0.00	0.00	-4.08	97.40	
253.00	26545.60	6.35	1.20	0.70	6.29	8.07	-0.78	0.00	0.00	0.89	1.12	0.80	-1.00	0.00	0.00	-5.69	75.20	
254.00	26570.90	7.38	1.40	1.00	9.24	9.66	-0.80	0.00	0.00	1.12	0.70	0.30	-1.00	0.00	0.00	-5.28	126.10	
255.00	26578.60	8.92	1.30	2.30	19.66	9.82	0.74	0.00	0.00	0.75	2.63	0.60	-1.00	0.00	0.00	-9.58	5.80	
256.00	26580.30	7.88	2.90	0.50	17.05	9.13	-0.80	255.00	0.00	2.49	2.61	2.30	-1.00	0.00	0.00	-2.53	84.30	
257.00	26745.90	13.32	0.60	3.60	37.53	11.36	-0.80	0.00	0.00	0.34	3.76	0.50	-1.00	0.00	0.00	-31.53	45.10	
258.00	26812.70	6.13	1.30	0.60	5.56	9.54	-1.13	0.00	0.00	0.88	0.74	0.40	-1.00	0.00	0.00	-5.56	86.30	
259.00	26870.60	7.89	1.30	1.60	12.31	11.38	1.15	0.00	0.00	0.87	1.55	0.70	-1.00	0.00	0.00	-7.24	41.80	
260.00	27146.10	6.35	2.00	0.40	7.15	12.23	1.65	0.00	0.00	1.91	0.41	0.20	-1.00	0.00	0.00	-2.66	61.30	
261.00	27176.30	7.11	1.00	1.80	11.29	12.17	-0.89	0.00	0.00	0.83	1.32	0.50	-1.00	0.00	0.00	-6.84	91.50	
262.00	27292.30	13.78	0.60	1.90	20.82	10.80	-1.40	0.00	0.00	0.41	1.49	0.40	-1.00	0.00	0.00	-27.01	79.50	
263.00	27374.80	12.18	1.60	3.00	34.45	10.16	0.05	0.00	0.00	1.41	2.40	0.40	-1.00	0.00	0.00	-6.92	34.00	
264.00	27458.00	15.30	0.90	1.40	23.20	7.18	0.33	0.00	0.00	0.31	1.61	0.70	-1.00	0.00	0.00	-39.59	117.20	
265.00	27532.90	7.75	2.10	1.90	15.71	9.09	0.25	0.00	0.00	1.92	1.60	0.50	-1.00	0.00	0.00	-3.23	64.10	
266.00	27551.60	6.51	2.20	4.10	21.79	10.25	-0.16	0.00	0.00	2.05	1.01	0.30	-1.00	0.00	0.00	-2.54	57.20	
267.00	27672.10	6.08	1.00	1.80	9.29	10.14	-0.52	0.00	0.00	0.75	1.50	0.40	-1.00	0.00	0.00	-6.47	75.30	
268.00	28151.20	11.12	2.00	1.30	19.76	10.08	0.24	0.00	0.00	0.96	1.79	0.70	-1.00	0.00	0.00	-9.27	16.80	
269.00	28285.20	6.80	2.60	1.50	13.90	11.92	0.10	0.00	0.00	1.58	2.33	1.10	-1.00	0.00	0.00	-3.45	48.40	
270.00	28423.00	9.56	3.00	1.80	20.25	10.61	-0.42	0.00	0.00	2.10	1.25	0.50	-1.00	0.00	0.00	-3.64	58.20	
271.00	28663.10	16.06	1.40	1.20	20.36	10.16	-0.88	0.00	0.00	1.05	1.30	0.50	-1.00	0.00	0.00	-12.29	42.30	
272.00	28666.40	6.92	1.70	1.80	12.78	8.90	0.39	255.00	0.00	1.58	1.45	0.60	-1.00	0.00	0.00	-3.51	122.40	
273.00	28694.10	6.29	1.10	0.50	5.01	13.01	0.29	0.00	0.00	0.93	0.50	0.20	-1.00	0.00	0.00	-5.38	73.30	
274.00	28762.00	6.12	0.50	1.60	9.02	10.51	0.15	0.00	0.00	0.39	1.82	0.40	-1.00	0.00	0.00	-12.40	13.20	
275.00	28811.00	6.44	3.20	1.00	11.57	10.54	0.16	0.00	0.00	2.30	1.08	0.20	-1.00	0.00	0.00	-2.24	62.20	
276.00	28969.60	14.92	1.40	1.40	26.91	10.31	-0.35	0.00	0.00	0.48	1.96	1.10	-1.00	0.00	0.00	-24.94	92.80	
277.00	28991.50	15.73	1.50	1.70	33.57	7.85	1.51	0.00	0.00	1.11	2.49	1.30	-1.00	0.00	0.00	-11.35	114.70	
278.00	29189.00	9.67	1.30	3.20	24.75	11.02	0.67	0.00	0.00	1.10	1.46	0.70	-1.00	0.00	0.00	-7.01	56.20	
279.00	29245.30	12.46	2.80	1.70	32.90	11.51	0.23	0.00	0.00	1.94	2.71	1.60	-1.00	0.00	0.00	-5.13	112.50	
280.00	29603.80	17.15	0.70	2.50	35.61	11.50	-0.36	0.00	0.00	0.42	1.95	0.40	-1.00	0.00	0.00	-32.43	87.00	
281.00	29712.30	8.83	1.30	1.70	13.38	11.19	-0.42	0.00	0.00	0.69	1.36	0.30	-1.00	0.00	0.00	-10.17	67.50	
282.00	29843.00	20.52	1.00	2.80	47.30	11.62	-0.20	0.00	0.00	0.42	2.32	0.60	-1.00	0.00	0.00	-39.51	70.20	
283.00	29991.10	6.41	1.80	1.30	11.53	10.43	0.63	0.00	0.00	1.56	1.09	0.50	-1.00	0.00	0.00	-3.28	90.30	
284.00	30167.40	11.17	1.80	2.00	25.27	10.86	-1.91	0.00	0.00	1.67	2.49	1.30	-1.00	0.00	0.00	-5.36	10.60	
285.00	30268.10	7.71	6.70	0.80	24.39	10.81	0.98	0.00	0.00	5.25	1.12	0.80	-1.00	0.00	0.00	-1.18	60.10	
286.00	30436.30	19.77	1.20	3.10	53.12	10.49	0.21	0.00	0.00	0.91	2.20	1.00	-1.00	0.00	0.00	-17.39	23.50	
287.00	30508.00	12.21	1.40	2.50	22.88	10.19	-0.80	0.00	0.00	0.65	1.12	0.50	-1.00	0.00	0.00	-14.99	95.20	
288.00	30560.10	9.87	0.80	3.60	25.77	10.34	1.87	0.00	0.00	0.65	2.63	0.30	-1.00	0.00	0.00	-12.13	19.30	
289.00	30572.30	8.79	0.60	2.40	15.53	8.00	0.37	0.00	0.00	0.41	1.21	0.40	-1.00	0.00	0.00	-17.28	31.50	
290.00	30617.90	9.03	1.30	1.30	12.74	11.19	-1.97	0.00	0.00	0.94	1.14	0.50	-1.00	0.00	0.00	-7.66	77.10	
291.00	30657.00	18.06	1.90	4.60	76.15	12.55	0.01	0.00	0.00	0.99	4.66	1.10	-1.00	0.00	0.00	-14.61	116.20	
292.00	30779.50	14.13	0.90	3.30	32.69	11.63	-1.28	0.00	0.00	0.58	2.04	0.60	-1.00	0.00	0.00	-19.43	110.70	
293.00	30824.10	18.23	0.70	2.00	29.13	11.08	-1.34	0.00	0.00	0.35	1.36	0.50	-1.00	0.00	0.00	-41.74	27.30	
294.00	30831.60	20.76	8.30	2.30	98.04	11.45	0.20	255.00	0.00	7.86	2.16	0.70	-1.00	0.00	0.00	-2.11	111.60	
295.00	30951.70	7.76	0.60	1.00	8.07	10.28	-2.73	0.00	0.00	0.43	1.09	0.50	-1.00	0.00	0.00	-14.49	26.90	
296.00	30976.90	14.89	1.30	2.50	30.34	11.52	-1.18	0.00	0.00	0.75	1.67	0.70	-1.00	0.00	0.00	-15.81	52.10	
297.00	30984.90	11.00	9.10	1.80	69.74	11.08	-0.23	255.00	0.00	8.84	2.11	0.90	-1.00	0.00	0.00	-1.00	8.90	
298.00	31129.60	14.46	1.20	2.80	31.10	12.21	-0.64	0.00	0.00	0.36	1.86	0.40	-1.00	0.00	0.00	-32.35	76.80	
299.00	31155.10	8.77	1.60	0.80	9.75	10.79	-0.74	0.00	0.00	1.24	0.90	0.60	-1.00	0.00	0.00	-5.64	102.30	
300.00	31286.80	6.35	3.20	2.30	18.65	9.60	-0.34	0.00	0.00	2.42	1.86	1.10	-1.00	0.00	0.00	-2.10	54.80	
301.00	31383.00	28.78	0.90	4.90	97.82	10.18	0.06	0.00	0.00	0.67	1.80	0.70	-1.00	0.00	0.00	-34.20	23.00	
302.00	31390.10	18.88	11.80	6.30	217.40	13.09	-0.96	255.00	0.00	8.44	3.18	0.90	-1.00	0.00	0.00	-1.79	30.10	
303.00	31516.40	16.72	1.00	5.80	70.55	9.31	2.29	0.00	0.00	0.52	4.41	0.80	-1.00	0.00	0.00	-25.96	79.60	
304.00	31689.30	6.40	3.50	1.20	11.02	10.81	0.72	0.00	0.00	2.07	0.44	0.30	-1.00	0.00	0.00	-2.47	124.50	
305.00	31738.40	19.76	0.80	4.10	59.44	11.46	-0.80	0.00	0.00	0.50	3.50	0.50	-1.00	0.00	0.00	-31.45	45.60	
306.00	31783.60	26.43	0.70	2.10	45.81	10.26	0.07	0.00	0.00	0.50	1.80	0.50	-1.00	0.00	0.00	-42.34	90.80	
307.00	31987.60	8.08	0.60	3.10	18.72	9.10	-1.55	0.00	0.00	0.42	1.63	0.30	-1.00	0.00	0.00	-15.55	38.80	
308.00	32072.00	9.10	1.70	5.20	44.15	11.47	-1.17	255.00	0.00	1.44	3.22	0.70	-1.00	0.00	0.00	-5.07	97.60	
309.00	32073.30	13.82	3.00	3.80	49.09	12.23	-0.97	0.00	0.00	2.72	1.81	0.70	-1.00	0.00	0.00	-4.07	73.30	
310.00	32155.40	14.04	0.80	1.80	22.94	11.36	-0.22	0.00	0.00	0.55	1.47	0.60	-1.00	0.00	0.00	-20.61	78.60	
311.00	32267.10	9.52	0.80	4.10	29.43	11.39	0.95	0.00	0.00	0.34	3.11	0.20	-1.00	0.00	0.00	-22.63	62.30	
312.00	32356.40	17.16	0.80	2.10	29.68	11.17	-1.18	0.00	0.00	0.45	1.86	0.40	-1.00	0.00	0.00	-30.38	23.60	
313.00	32469.10	6.20	1.50	1.00	9.77	10.61	1.86	0.00	0.00	1.28	1.47	0.70	-1.00	0.00	0.00	-3.87	85.10	
314.00	32608.10	11.30	0.80	2.30	19.75	11.74	0.12	0.00	0.00	0.49	1.58	0.60	-1.00	0.00	0.00	-18.54	19.30	
315.00	32687.50	11.82	0.60	2.50	20.81	10.79	-0.94	0.00	0.00	0.33	1.58	0.50	-1.00	0.00	0.00	-28.60	98.70	
316.00	33050.50	7.45	0.70	1.70	9.40	10.81	0.10	0.00	0.00	0.52	0.64	0.50	-1.00	0.00	0.00	-11.40	77.70	
317.00	33165.90	6.60	0.80	1.30	8.63	11.03	1.00	0.00	0.00	0.62	1.44	0.30	-1.00	0.00	0.00	-8.50	65.10	
318.00	33206.40	10.72	0.80	2.90	25.12	11.04	-0.70	0.00	0.00	0.53	2.97	0.40	-1.00	0.00	0.00	-16.28	105.60	
319.00	33510.90	16.43	0.90	2.00	30.79	11.50	0.45	0.00	0.00	0.59	1.81	0.60	-1.00	0.00	0.00	-22.35	26.10	
320.00	33592.20	6.12	2.50	0.80	12.65	12.52	-0.25	0.00	0.00	1.74	2.27	1.70	-1.00	0.00	0.00	-2.81	56.20	
321.00	33645.70	6.14	2.30	1.20	9.82	12.16	-2.83	0.00	0.00	1.14	0.93	0.40	-1.00	0.00	0.00	-4.31	32.90	
322.00	33701.20	7.09	2.90	1.80	14.22	11.85	-1.84	0.00	0.00	1.90	1.39	0.40	-1.00	0.00	0.00	-2.99	88.40	
323.00	33752.30	12.94	0.60	1.70	18.60	10.48	-0.09	0.00	0.00	0.44	1.27	0.30	-1.00	0.00	0.00	-23.38	11.50	
324.00	33974.10	6.46	1.30	1.80	10.40	9.85	0.58	0.00	0.00	1.14	0.94	0.20	-1.00	0.00	0.00	-4.53	105.30	
325.00	34023.20	26.30	1.20	4.40	82.97	11.94	-1.10	0.00	0.00	0.64	2.66	0.70	-1.00	0.00	0.00	-32.80	26.40	
326.00	34129.90	12.45	0.80	2.30	23.61	9.69	-1.11	0.00	0.00	0.62	1.74	0.50	-1.00	0.00	0.00	-15.97	5.10	
327.00	34152.40	24.19	0.80	2.60	52.11	10.22	-0.14	0.00	0.00	0.42	2.21	0.40	-1.00	0.00	0.00	-46.47	27.60	
328.00	34311.90	7.33	7.60	0.60	22.21	11.29	0.10	0.00	0.00	4.15	1.51	1.10	-1.00	0.00	0.00	-1.41	7.90	
329.00	34498.70	31.93	1.00	3.00	74.95	12.06	0.70	0.00	0.00	0.49	2.31	0.60	-1.00	0.00	0.00	-51.65	117.90	
330.00	34539.90	7.74	1.60	0.60	8.77	9.97	-0.53	0.00	0.00	1.19	0.87	0.70	-1.00	0.00	0.00	-5.21	31.10	
331.00	34611.30	6.45	1.70	0.90	10.04	9.76	-2.08	0.00	0.00	1.50	1.53	1.40	-1.00	0.00	0.00	-3.44	51.30	
332.00	34630.80	6.14	1.10	0.50	4.66	8.45	1.72	0.00	0.00	0.94	0.62	0.40	-1.00	0.00	0.00	-5.23	122.00	
333.00	34632.20	9.31	2.60	1.10	16.84	9.03	0.29	255.00	0.00	0.70	1.46	0.60	-1.00	0.00	0.00	-10.67	72.20	
334.00	34700.60	21.80	1.20	7.70	112.68	10.35	-1.08	0.00	0.00	0.44	2.78	0.60	-1.00	0.00	0.00	-39.88	63.80	
335.00	34705.10	16.47	5.60	3.40	111.66	10.11	-0.05	255.00	0.00	4.85	8.00	5.10	-1.00	0.00	0.00	-2.72	17.10	
336.00	34875.50	12.63	0.90	1.60	19.14	11.84	-0.93	0.00	0.00	0.68	1.60	0.60	-1.00	0.00	0.00	-14.80	110.70	
337.00	34879.00	9.42	4.40	1.40	39.54	12.74	-0.75	255.00	0.00	4.20	1.17	0.50	-1.00	0.00	0.00	-1.79	63.00	
338.00	34985.40	12.52	2.60	3.20	34.60	11.70	-0.81	0.00	0.00	0.39	2.13	0.40	-1.00	0.00	0.00	-25.86	92.60	
339.00	35389.70	10.88	3.20	1.70	24.84	12.79	0.32	0.00	0.00	2.56	1.73	0.80	-1.00	0.00	0.00	-3.40	112.90	
340.00	35510.80	7.88	0.90	1.70	12.72	10.44	2.70	0.00	0.00	0.78	1.37	0.60	-1.00	0.00	0.00	-8.09	106.00	
341.00	35553.80	13.21	0.50	1.90	21.82	8.57	-1.35	0.00	0.00	0.29	1.76	0.30	-1.00	0.00	0.00	-37.07	21.00	
342.00	35661.90	13.59	1.10	4.10	40.84	10.70	0.23	0.00	0.00	0.79	2.87	0.40	-1.00	0.00	0.00	-13.71	1.10	
343.00	35690.20	14.93	0.80	3.70	38.86	9.79	-0.16	0.00	0.00	0.58	2.34	0.30	-1.00	0.00	0.00	-20.71	29.40	
344.00	35895.20	6.12	2.20	1.40	11.16	12.11	0.53	0.00	0.00	1.82	1.48	0.80	-1.00	0.00	0.00	-2.69	55.20	
345.00	36050.20	11.88	1.20	2.10	24.12	11.36	1.20	0.00	0.00	0.44	1.61	1.00	-1.00	0.00	0.00	-21.81	5.40	
346.00	36209.70	15.66	0.70	1.80	25.92	11.18	-0.19	0.00	0.00	0.46	1.97	0.50	-1.00	0.00	0.00	-27.46	36.90	
347.00	36283.40	6.11	1.60	0.80	6.86	10.54	1.12	0.00	0.00	1.32	0.77	0.40	-1.00	0.00	0.00	-3.71	110.60	
348.00	36557.00	9.25	0.60	1.80	13.18	9.53	-0.64	0.00	0.00	0.53	0.88	0.40	-1.00	0.00	0.00	-13.89	77.00	
349.00	36568.10	28.59	1.00	2.00	52.76	9.14	0.58	0.00	0.00	0.48	1.77	0.70	-1.00	0.00	0.00	-47.83	11.30	
350.00	36794.10	7.06	0.80	0.40	4.41	11.08	0.55	0.00	0.00	0.69	0.60	0.50	-1.00	0.00	0.00	-8.23	58.10	
351.00	36827.50	12.67	0.50	1.90	19.14	9.23	1.06	0.00	0.00	0.39	1.43	0.30	-1.00	0.00	0.00	-25.96	14.70	
352.00	36837.50	6.48	1.70	2.70	16.32	9.51	0.21	255.00	0.00	1.55	0.95	0.50	-1.00	0.00	0.00	-3.34	101.50	
353.00	36911.70	6.89	3.60	1.50	15.72	10.22	1.57	0.00	0.00	1.45	1.41	0.30	-1.00	0.00	0.00	-3.80	22.10	
354.00	36917.90	7.13	1.20	3.20	18.10	11.12	-0.46	0.00	0.00	0.99	1.02	0.70	-1.00	0.00	0.00	-5.76	53.90	
355.00	37046.60	7.62	1.40	2.60	20.19	11.62	0.39	0.00	0.00	1.11	3.26	1.00	-1.00	0.00	0.00	-5.49	29.00	
356.00	37133.80	33.31	1.30	3.20	86.12	11.56	-0.79	0.00	0.00	0.67	2.52	0.80	-1.00	0.00	0.00	-40.02	116.20	
357.00	37217.10	6.67	3.80	0.90	16.17	10.58	-1.35	0.00	0.00	3.25	1.95	1.40	-1.00	0.00	0.00	-1.64	97.10	
358.00	37322.80	7.09	2.20	2.50	19.02	12.95	-0.13	0.00	0.00	2.05	2.13	0.50	-1.00	0.00	0.00	-2.77	49.20	
359.00	37332.00	6.21	1.10	1.60	9.82	9.57	0.41	0.00	0.00	0.86	1.21	0.80	-1.00	0.00	0.00	-5.77	58.40	
360.00	37568.70	13.85	1.10	3.00	32.15	10.69	-0.26	0.00	0.00	0.33	1.98	0.30	-1.00	0.00	0.00	-33.21	39.10	
361.00	37595.90	11.18	10.40	3.00	68.01	9.32	2.14	255.00	0.00	6.23	2.39	0.70	-1.00	0.00	0.00	-1.44	91.90	
362.00	37618.90	7.14	1.70	0.40	5.76	9.58	0.03	0.00	0.00	0.64	0.51	0.30	-1.00	0.00	0.00	-8.86	89.30	
363.00	37711.70	6.71	4.10	1.50	18.07	11.79	0.93	0.00	0.00	3.69	1.05	0.30	-1.00	0.00	0.00	-1.45	79.70	
364.00	37790.20	6.07	0.70	1.60	8.69	10.39	2.28	0.00	0.00	0.56	1.74	0.40	-1.00	0.00	0.00	-8.66	4.60	
365.00	37849.90	31.42	1.30	3.50	88.78	12.68	-0.24	0.00	0.00	0.81	3.13	0.80	-1.00	0.00	0.00	-30.88	64.30	
366.00	37855.50	12.70	10.00	2.70	146.62	13.34	-0.01	255.00	0.00	6.56	8.73	6.60	-1.00	0.00	0.00	-1.55	95.50	
367.00	38032.50	20.14	1.00	1.90	36.30	10.44	0.23	0.00	0.00	0.61	1.89	0.70	-1.00	0.00	0.00	-26.24	118.90	
368.00	38123.20	7.89	1.70	1.20	10.67	11.44	-1.29	0.00	0.00	0.69	1.11	0.30	-1.00	0.00	0.00	-9.20	81.60	
369.00	38226.80	19.71	1.30	3.10	56.95	12.66	0.20	0.00	0.00	0.97	3.01	0.90	-1.00	0.00	0.00	-16.28	57.20	
370.00	38303.00	10.02	3.60	4.50	46.75	12.17	0.31	0.00	0.00	1.14	5.11	1.00	-1.00	0.00	0.00	-7.03	5.40	
371.00	38306.80	10.22	7.40	0.70	48.71	12.41	0.85	255.00	0.00	4.82	5.13	4.80	-1.00	0.00	0.00	-1.70	34.80	
372.00	38688.60	24.03	0.80	2.00	43.48	12.04	0.18	0.00	0.00	0.61	1.84	0.60	-1.00	0.00	0.00	-31.68	7.00	
373.00	38750.70	8.99	2.30	2.20	21.68	10.59	1.32	0.00	0.00	2.07	2.22	0.40	-1.00	0.00	0.00	-3.48	69.10	
374.00	38978.50	6.25	0.60	0.80	4.53	10.83	0.69	0.00	0.00	0.26	0.59	0.30	-1.00	0.00	0.00	-18.91	40.90	
375.00	39014.10	11.24	0.80	2.40	19.97	11.33	-0.32	0.00	0.00	0.51	1.34	0.50	-1.00	0.00	0.00	-17.57	76.50	
376.00	39043.30	9.02	1.20	1.90	17.11	11.63	1.11	0.00	0.00	0.76	1.62	0.70	-1.00	0.00	0.00	-9.46	105.70	
377.00	39123.50	6.32	2.50	1.70	15.06	11.55	-1.85	0.00	0.00	1.25	2.16	1.20	-1.00	0.00	0.00	-4.05	57.90	
378.00	39174.40	7.23	4.70	1.30	15.52	13.35	-1.32	0.00	0.00	1.44	0.74	0.20	-1.00	0.00	0.00	-4.02	108.80	
379.00	39387.00	7.04	2.50	3.40	22.68	11.98	-0.09	0.00	0.00	1.55	3.30	0.40	-1.00	0.00	0.00	-3.63	65.40	
380.00	39553.30	18.55	0.80	1.80	29.68	10.53	-2.64	0.00	0.00	0.47	1.30	0.50	-1.00	0.00	0.00	-31.81	103.70	
381.00	39586.70	7.47	3.30	1.50	18.14	11.09	1.29	0.00	0.00	3.16	0.62	0.20	-1.00	0.00	0.00	-1.89	9.10	
382.00	39596.80	17.05	1.40	3.30	48.41	11.06	-0.78	0.00	0.00	0.81	2.65	0.80	-1.00	0.00	0.00	-16.83	19.20	
383.00	39629.60	12.24	0.70	2.20	22.16	9.29	0.02	0.00	0.00	0.49	1.34	0.60	-1.00	0.00	0.00	-20.06	52.00	
384.00	39653.50	7.21	4.20	1.90	19.45	11.12	-1.36	0.00	0.00	0.57	1.96	0.20	-1.00	0.00	0.00	-10.17	75.90	
385.00	39705.20	11.11	1.20	1.50	17.41	10.90	-0.35	0.00	0.00	0.88	1.68	0.60	-1.00	0.00	0.00	-10.09	-0.40	
386.00	39711.10	6.26	7.80	0.60	34.46	11.26	-0.15	255.00	0.00	7.03	0.66	0.20	-1.00	0.00	0.00	-0.71	31.10	
387.00	40122.80	11.49	1.40	1.20	18.82	10.78	-0.32	0.00	0.00	0.67	1.84	0.90	-1.00	0.00	0.00	-13.64	33.20	
388.00	40206.70	6.56	1.50	2.10	12.11	11.91	-1.26	0.00	0.00	1.39	0.46	0.20	-1.00	0.00	0.00	-3.78	14.70	
389.00	40636.40	19.36	1.80	3.90	66.69	12.65	-0.97	0.00	0.00	1.33	3.23	1.30	-1.00	0.00	0.00	-11.62	34.80	
390.00	40703.30	7.65	1.10	3.70	22.06	10.15	0.42	0.00	0.00	0.88	2.88	0.80	-1.00	0.00	0.00	-6.92	101.70	
391.00	41039.20	6.29	4.30	2.40	21.99	12.62	-0.97	0.00	0.00	4.14	1.89	0.60	-1.00	0.00	0.00	-1.22	79.20	
392.00	41531.20	30.04	1.80	3.40	83.31	11.92	-1.76	0.00	0.00	0.58	2.44	0.70	-1.00	0.00	0.00	-41.48	33.60	
393.00	41640.30	16.57	0.90	3.40	44.71	9.73	-0.14	0.00	0.00	0.44	2.61	0.70	-1.00	0.00	0.00	-30.04	14.70	
394.00	41729.80	19.16	0.60	7.10	90.48	10.60	-0.89	0.00	0.00	0.35	3.85	0.30	-1.00	0.00	0.00	-43.23	104.20	
395.00	41735.80	13.61	7.10	2.20	109.63	11.95	1.36	255.00	0.00	6.42	7.42	6.40	-1.00	0.00	0.00	-1.70	7.80	
396.00	41778.90	6.98	1.00	2.90	18.12	9.44	0.54	0.00	0.00	0.91	2.43	0.60	-1.00	0.00	0.00	-6.11	25.30	
397.00	41785.90	6.77	9.00	1.10	40.39	11.15	0.20	255.00	0.00	0.71	1.17	0.50	-1.00	0.00	0.00	-7.58	57.90	
398.00	41807.00	13.07	0.70	2.40	21.93	11.02	1.58	0.00	0.00	0.53	1.61	0.50	-1.00	0.00	0.00	-19.62	53.40	
399.00	41862.20	8.16	0.70	1.10	9.40	9.49	1.13	0.00	0.00	0.45	1.39	0.50	-1.00	0.00	0.00	-14.36	108.60	
400.00	41877.00	7.96	3.90	1.90	25.03	9.78	-0.42	0.00	0.00	3.74	2.10	1.00	-1.00	0.00	0.00	-1.70	123.40	
401.00	41992.70	16.15	1.10	1.60	27.05	10.77	0.92	0.00	0.00	0.72	1.77	0.80	-1.00	0.00	0.00	-18.02	111.10	
402.00	42107.90	6.68	2.20	0.80	13.67	12.75	-0.13	0.00	0.00	2.07	2.31	2.00	-1.00	0.00	0.00	-2.58	21.50	
403.00	42142.00	6.34	0.40	1.60	10.20	12.50	-0.23	0.00	0.00	0.31	1.70	0.30	-1.00	0.00	0.00	-16.61	30.00	
404.00	42242.50	6.77	4.60	2.00	20.98	11.23	-0.97	0.00	0.00	4.18	1.55	1.20	-1.00	0.00	0.00	-1.30	104.90	
405.00	42284.00	7.81	3.80	0.80	13.32	11.11	0.04	0.00	0.00	3.45	0.77	0.60	-1.00	0.00	0.00	-1.81	18.40	
406.00	42347.90	6.25	3.10	2.00	15.70	10.74	0.34	0.00	0.00	2.71	0.90	0.60	-1.00	0.00	0.00	-1.85	82.30	
407.00	42539.30	9.00	2.50	4.10	31.18	12.74	-0.39	0.00	0.00	0.57	2.61	0.60	-1.00	0.00	0.00	-12.55	17.70	
408.00	42556.40	17.02	0.90	3.90	48.80	13.01	-0.67	0.00	0.00	0.43	2.30	0.70	-1.00	0.00	0.00	-31.91	34.80	
409.00	42580.40	6.06	1.80	0.90	8.58	12.08	-0.30	0.00	0.00	1.57	1.23	1.20	-1.00	0.00	0.00	-3.08	58.80	
410.00	42752.40	6.49	4.00	1.00	14.36	11.19	2.66	0.00	0.00	0.75	1.20	0.60	-1.00	0.00	0.00	-6.90	102.80	
411.00	42876.40	27.91	1.20	1.90	53.35	11.88	-0.61	0.00	0.00	0.53	2.27	0.90	-1.00	0.00	0.00	-42.47	98.80	
412.00	43107.10	6.20	0.90	0.90	5.82	12.15	-0.83	0.00	0.00	0.73	0.71	0.40	-1.00	0.00	0.00	-6.81	73.50	
413.00	43359.10	17.65	0.90	2.10	37.44	11.53	-0.68	0.00	0.00	0.60	2.15	0.60	-1.00	0.00	0.00	-23.68	18.30	
414.00	43418.60	8.97	1.20	2.00	17.48	10.98	0.57	0.00	0.00	0.96	1.72	0.80	-1.00	0.00	0.00	-7.50	129.00	
415.00	43447.90	19.12	0.90	2.60	44.31	10.54	0.99	0.00	0.00	0.44	2.47	0.70	-1.00	0.00	0.00	-34.92	30.30	
416.00	43635.10	6.55	1.60	1.30	9.61	11.01	2.31	0.00	0.00	1.24	0.55	0.40	-1.00	0.00	0.00	-4.24	89.50	
417.00	43672.50	7.83	6.40	2.60	25.45	12.90	0.63	0.00	0.00	0.68	1.44	0.40	-1.00	0.00	0.00	-9.15	24.50	
418.00	43762.70	10.90	1.30	2.50	27.35	11.83	0.79	0.00	0.00	1.06	1.89	0.90	-1.00	0.00	0.00	-8.26	89.10	
419.00	43891.80	6.07	0.90	3.10	15.62	12.13	-0.29	0.00	0.00	0.52	2.62	0.50	-1.00	0.00	0.00	-9.31	90.20	
420.00	44264.40	9.60	0.80	1.50	13.32	13.00	0.68	0.00	0.00	0.58	1.54	0.60	-1.00	0.00	0.00	-13.22	78.80	
421.00	44343.60	6.33	2.50	0.50	10.15	13.67	-1.39	0.00	0.00	2.40	1.34	1.10	-1.00	0.00	0.00	-2.11	30.00	
422.00	44465.20	14.02	0.90	2.40	30.82	12.08	0.05	0.00	0.00	0.76	2.52	0.70	-1.00	0.00	0.00	-14.69	23.60	
423.00	44650.10	20.94	0.80	4.10	63.64	13.21	0.34	0.00	0.00	0.46	2.53	0.60	-1.00	0.00	0.00	-36.32	80.50	
424.00	45072.10	6.99	1.40	2.40	13.03	11.79	0.23	0.00	0.00	0.91	1.35	0.50	-1.00	0.00	0.00	-6.13	118.50	
425.00	45140.60	22.67	1.00	2.90	49.61	12.01	0.77	0.00	0.00	0.49	1.79	0.50	-1.00	0.00	0.00	-36.90	59.00	
426.00	45638.70	7.27	1.60	0.70	8.17	11.82	-0.30	0.00	0.00	1.23	0.97	0.50	-1.00	0.00	0.00	-4.74	45.10	
427.00	45665.50	6.68	1.10	1.50	9.36	11.57	-0.76	0.00	0.00	0.46	1.28	0.40	-1.00	0.00	0.00	-11.54	71.90	
428.00	45678.00	7.97	1.40	1.60	14.91	10.60	-1.40	0.00	0.00	1.18	2.04	1.20	-1.00	0.00	0.00	-5.39	84.40	
429.00	45901.20	13.35	1.00	1.50	22.24	11.00	1.14	0.00	0.00	0.87	1.71	0.90	-1.00	0.00	0.00	-12.25	51.60	
430.00	45901.30	13.87	1.10	1.40	22.42	11.05	0.08	0.00	0.00	0.90	1.69	1.00	-1.00	0.00	0.00	-12.36	51.70	
431.00	46063.00	11.10	0.90	2.50	22.60	10.99	-1.99	0.00	0.00	0.76	1.90	0.60	-1.00	0.00	0.00	-11.63	85.40	
432.00	46333.60	6.77	2.80	1.10	12.24	13.24	-1.08	0.00	0.00	2.13	0.55	0.40	-1.00	0.00	0.00	-2.54	100.00	
433.00	46463.50	35.48	0.80	2.30	75.07	10.52	0.10	0.00	0.00	0.39	2.26	0.60	-1.00	0.00	0.00	-72.79	101.90	
434.00	46786.10	14.94	0.80	2.50	26.65	11.09	0.58	0.00	0.00	0.44	1.46	0.50	-1.00	0.00	0.00	-27.02	40.50	
435.00	46904.70	7.22	0.90	0.70	7.62	10.08	-1.77	0.00	0.00	0.70	1.09	0.80	-1.00	0.00	0.00	-8.20	31.10	
436.00	46928.20	24.85	0.80	3.70	71.29	10.28	-2.24	0.00	0.00	0.48	2.75	0.50	-1.00	0.00	0.00	-41.09	54.60	
437.00	47121.50	9.80	1.30	2.00	18.79	10.71	0.81	0.00	0.00	1.12	1.90	0.80	-1.00	0.00	0.00	-7.02	119.90	
438.00	47155.60	9.02	3.60	3.30	34.80	11.87	0.96	0.00	0.00	2.55	2.96	0.50	-1.00	0.00	0.00	-2.83	51.60	
439.00	47249.10	8.26	1.40	1.30	12.21	10.28	1.36	0.00	0.00	1.26	1.42	0.40	-1.00	0.00	0.00	-5.23	119.50	
440.00	47312.20	13.22	1.10	3.20	36.61	10.07	2.56	0.00	0.00	0.84	2.92	0.90	-1.00	0.00	0.00	-12.60	54.60	
441.00	47342.50	12.95	1.20	2.20	23.98	10.10	1.34	0.00	0.00	0.65	1.74	0.40	-1.00	0.00	0.00	-16.04	84.90	
442.00	47357.80	13.71	1.20	2.90	34.72	10.48	1.30	0.00	0.00	0.78	2.28	0.70	-1.00	0.00	0.00	-14.01	100.20	
443.00	47389.90	8.15	3.10	1.40	19.50	10.01	0.02	0.00	0.00	2.90	0.85	0.60	-1.00	0.00	0.00	-2.25	4.30	
444.00	47405.90	10.51	2.30	2.90	29.81	9.63	-0.91	0.00	0.00	1.33	2.96	1.20	-1.00	0.00	0.00	-6.34	20.30	
445.00	47430.00	39.24	1.00	2.70	90.85	10.58	0.04	0.00	0.00	0.49	2.53	0.70	-1.00	0.00	0.00	-63.83	44.40	
446.00	47437.40	9.78	8.30	1.90	125.02	9.24	1.39	255.00	0.00	8.02	1.57	0.70	-1.00	0.00	0.00	-0.97	77.40	
447.00	47530.50	7.48	1.30	2.80	18.30	11.04	-0.41	0.00	0.00	1.15	1.13	0.90	-1.00	0.00	0.00	-5.21	16.90	
448.00	47587.00	6.63	1.00	2.50	13.12	11.24	-0.27	0.00	0.00	0.77	0.90	0.60	-1.00	0.00	0.00	-6.88	73.40	
449.00	48062.60	7.03	2.40	1.30	13.24	12.10	0.07	0.00	0.00	2.19	1.49	0.90	-1.00	0.00	0.00	-2.56	62.60	
450.00	48077.10	28.24	1.20	4.30	93.31	10.61	-1.73	0.00	0.00	0.36	3.02	0.80	-1.00	0.00	0.00	-62.29	51.50	
451.00	48193.20	9.75	0.80	3.30	22.97	11.49	-1.00	0.00	0.00	0.67	2.40	0.40	-1.00	0.00	0.00	-11.65	39.60	
452.00	48288.10	15.34	1.50	1.90	27.96	11.91	-0.57	0.00	0.00	0.54	2.16	0.60	-1.00	0.00	0.00	-22.81	6.50	
453.00	48380.80	13.51	1.10	2.50	25.01	11.63	-0.08	0.00	0.00	0.41	1.99	0.40	-1.00	0.00	0.00	-26.46	99.20	
454.00	48524.50	13.79	1.10	2.90	37.03	12.16	-0.10	0.00	0.00	0.96	2.34	1.00	-1.00	0.00	0.00	-11.49	114.90	
455.00	48692.90	26.18	1.00	2.90	60.56	12.02	-0.31	0.00	0.00	0.36	2.07	0.70	-1.00	0.00	0.00	-58.25	27.30	
456.00	48714.80	10.04	2.20	1.80	20.70	8.08	-0.44	255.00	0.00	1.89	1.77	0.40	-1.00	0.00	0.00	-4.25	74.80	
457.00	48764.80	27.87	1.10	2.80	71.57	10.09	1.28	0.00	0.00	0.50	2.52	0.80	-1.00	0.00	0.00	-44.83	99.20	
458.00	49009.80	6.36	2.50	1.20	11.13	10.78	0.54	0.00	0.00	1.54	1.64	0.60	-1.00	0.00	0.00	-3.30	88.20	
459.00	49028.80	6.79	2.20	1.10	10.68	9.81	-0.70	0.00	0.00	1.99	1.22	0.60	-1.00	0.00	0.00	-2.73	107.20	
460.00	49219.10	13.32	0.80	1.60	21.12	9.43	-0.64	0.00	0.00	0.49	1.91	0.60	-1.00	0.00	0.00	-21.98	41.50	
461.00	49374.70	26.15	2.60	8.30	145.82	9.36	1.18	0.00	0.00	0.50	3.50	1.10	-1.00	0.00	0.00	-41.92	69.10	
462.00	49405.00	7.49	0.80	0.80	7.45	5.33	-1.11	255.00	0.00	0.63	1.11	0.60	-1.00	0.00	0.00	-9.51	125.00	
463.00	49457.50	7.19	1.70	0.30	6.37	9.39	-1.07	0.00	0.00	1.56	0.59	0.50	-1.00	0.00	0.00	-3.69	23.90	
464.00	49496.90	11.44	0.60	3.80	27.07	10.15	-0.99	0.00	0.00	0.38	1.55	0.40	-1.00	0.00	0.00	-23.92	63.30	
465.00	49522.00	7.62	2.40	0.90	9.66	8.21	0.24	0.00	0.00	0.37	0.97	0.30	-1.00	0.00	0.00	-16.30	114.00	
466.00	49595.80	26.56	1.00	4.60	84.79	9.70	0.33	0.00	0.00	0.61	3.27	0.60	-1.00	0.00	0.00	-34.91	34.20	
467.00	49753.50	15.36	1.60	1.60	24.69	9.15	-1.35	0.00	0.00	0.55	1.53	0.60	-1.00	0.00	0.00	-22.17	63.90	
468.00	49807.10	6.75	9.70	0.70	36.67	9.45	1.34	0.00	0.00	2.94	0.85	0.30	-1.00	0.00	0.00	-1.84	117.50	
469.00	49880.30	9.66	0.80	2.80	25.34	10.50	1.41	0.00	0.00	0.38	2.82	0.40	-1.00	0.00	0.00	-20.26	62.70	
470.00	49961.00	19.31	0.70	3.10	40.09	10.43	1.05	0.00	0.00	0.43	1.55	0.50	-1.00	0.00	0.00	-36.04	15.40	
471.00	50074.70	6.87	0.90	2.00	11.36	12.17	0.96	0.00	0.00	0.67	1.22	0.70	-1.00	0.00	0.00	-8.22	1.10	
472.00	50107.30	9.41	0.30	2.30	20.45	10.23	-1.33	0.00	0.00	0.19	2.21	0.20	-1.00	0.00	0.00	-40.38	8.10	
473.00	50268.00	21.34	0.90	4.70	73.88	11.39	2.63	0.00	0.00	0.36	3.64	0.60	-1.00	0.00	0.00	-47.65	66.40	
474.00	50305.60	12.40	0.80	2.70	29.84	9.90	0.63	0.00	0.00	0.59	2.65	0.60	-1.00	0.00	0.00	-16.89	104.00	
475.00	50350.10	6.09	1.00	0.50	4.87	7.53	-0.68	0.00	0.00	0.66	0.80	0.50	-1.00	0.00	0.00	-7.36	20.50	
476.00	50585.60	6.33	4.10	4.10	28.45	12.55	-0.14	0.00	0.00	3.62	2.16	1.30	-1.00	0.00	0.00	-1.40	25.60	
477.00	50633.30	9.46	1.10	1.70	16.37	11.24	0.49	0.00	0.00	0.88	1.97	0.70	-1.00	0.00	0.00	-8.60	47.70	
478.00	50666.70	7.27	1.10	2.20	15.39	9.97	0.69	0.00	0.00	0.92	2.04	0.80	-1.00	0.00	0.00	-6.31	81.10	
479.00	51052.70	15.74	0.90	2.20	35.40	11.17	-2.29	0.00	0.00	0.38	2.70	0.80	-1.00	0.00	0.00	-32.73	83.10	
480.00	51675.80	16.91	0.90	4.50	53.74	11.89	0.59	0.00	0.00	0.57	2.73	0.60	-1.00	0.00	0.00	-23.54	66.20	
481.00	51831.60	27.03	1.10	3.20	71.41	12.15	-0.87	0.00	0.00	0.55	2.62	0.80	-1.00	0.00	0.00	-39.67	94.00	
482.00	51849.80	22.00	1.00	1.60	36.29	8.94	-0.93	0.00	0.00	0.72	1.91	0.60	-1.00	0.00	0.00	-24.58	112.20	
483.00	52043.00	7.55	4.60	1.50	20.40	12.25	0.09	0.00	0.00	4.22	1.28	0.80	-1.00	0.00	0.00	-1.43	49.40	
484.00	52122.60	8.82	1.50	3.10	25.14	9.45	1.07	0.00	0.00	1.31	1.92	1.40	-1.00	0.00	0.00	-5.38	1.00	
485.00	52165.20	14.77	1.50	2.20	30.09	12.12	-0.74	0.00	0.00	0.51	1.67	0.90	-1.00	0.00	0.00	-22.95	43.60	
486.00	52336.90	17.65	0.60	2.20	32.02	10.65	0.78	0.00	0.00	0.30	1.74	0.40	-1.00	0.00	0.00	-47.82	10.50	
487.00	52390.70	6.81	2.60	1.40	13.37	11.34	-1.00	0.00	0.00	2.06	0.57	0.30	-1.00	0.00	0.00	-2.64	13.10	
488.00	52410.30	17.53	0.90	3.00	44.18	11.64	-1.48	0.00	0.00	0.43	2.84	0.70	-1.00	0.00	0.00	-32.77	83.90	
489.00	52448.00	17.24	0.90	2.20	35.15	9.24	-0.37	0.00	0.00	0.67	2.42	0.70	-1.00	0.00	0.00	-20.60	121.60	
490.00	52706.80	12.49	0.90	4.80	41.47	10.34	-0.98	0.00	0.00	0.39	3.14	0.60	-1.00	0.00	0.00	-25.90	124.40	
491.00	52764.20	7.17	2.00	0.90	10.24	11.68	0.56	0.00	0.00	1.18	0.87	0.50	-1.00	0.00	0.00	-4.88	53.80	
492.00	52772.40	16.23	0.90	2.20	30.04	11.37	-0.10	0.00	0.00	0.55	1.50	0.60	-1.00	0.00	0.00	-23.42	62.00	
493.00	52784.80	6.85	1.10	0.60	6.23	10.52	-0.13	0.00	0.00	1.00	0.69	0.20	-1.00	0.00	0.00	-5.47	23.20	
494.00	53048.20	22.27	1.00	2.20	42.24	11.09	1.19	0.00	0.00	0.52	1.65	0.70	-1.00	0.00	0.00	-34.55	81.80	
495.00	53114.90	13.48	1.20	2.50	33.08	10.43	-1.74	0.00	0.00	0.95	2.48	1.00	-1.00	0.00	0.00	-11.32	20.50	
496.00	53268.90	8.43	2.30	6.60	39.46	11.54	0.29	0.00	0.00	1.53	3.34	1.30	-1.00	0.00	0.00	-4.41	123.30	
497.00	53375.00	7.73	1.40	2.10	15.76	10.99	0.14	0.00	0.00	1.25	1.59	1.20	-1.00	0.00	0.00	-4.96	24.60	
498.00	53503.50	15.43	0.70	4.40	47.48	11.33	-0.95	0.00	0.00	0.51	2.44	0.50	-1.00	0.00	0.00	-23.99	25.10	
499.00	53618.40	17.64	0.80	2.60	37.32	11.21	0.02	0.00	0.00	0.47	1.80	0.60	-1.00	0.00	0.00	-29.75	12.00	
500.00	53647.30	7.78	1.10	1.60	14.49	10.33	-1.65	0.00	0.00	0.93	2.20	1.00	-1.00	0.00	0.00	-6.66	40.90	
501.00	53681.90	6.31	3.00	1.00	12.73	10.56	-1.14	0.00	0.00	2.47	0.73	0.40	-1.00	0.00	0.00	-2.05	75.50	
502.00	53848.10	6.30	2.90	1.40	11.52	11.67	-0.82	0.00	0.00	1.19	1.17	1.00	-1.00	0.00	0.00	-4.22	113.70	
503.00	54151.80	12.02	0.80	4.00	33.48	11.96	0.44	0.00	0.00	0.52	1.84	0.60	-1.00	0.00	0.00	-18.32	33.40	
504.00	54326.20	9.48	1.30	1.40	14.84	12.02	-0.20	0.00	0.00	0.78	1.60	0.70	-1.00	0.00	0.00	-9.67	79.80	
505.00	54357.10	13.87	1.40	3.90	40.26	11.92	-0.96	0.00	0.00	0.99	2.18	0.90	-1.00	0.00	0.00	-11.23	110.70	
506.00	54420.70	11.64	1.50	2.40	31.71	11.57	1.78	0.00	0.00	1.25	2.61	1.30	-1.00	0.00	0.00	-7.45	123.10	
507.00	54449.10	6.30	1.50	0.40	6.53	9.56	-0.16	0.00	0.00	1.36	0.62	0.30	-1.00	0.00	0.00	-3.71	74.70	
508.00	54481.20	13.67	1.10	1.50	21.03	8.69	-0.58	0.00	0.00	0.69	1.41	0.70	-1.00	0.00	0.00	-15.95	106.80	
509.00	54512.40	12.81	0.70	1.80	18.95	8.67	0.89	0.00	0.00	0.47	1.57	0.50	-1.00	0.00	0.00	-21.66	10.00	
510.00	54790.80	8.83	0.80	5.00	31.49	8.33	0.02	0.00	0.00	0.46	1.18	0.30	-1.00	0.00	0.00	-15.19	32.40	
511.00	54793.50	8.49	3.60	2.40	34.44	8.81	0.17	255.00	0.00	3.18	2.51	0.80	-1.00	0.00	0.00	-2.13	9.50	
512.00	54826.70	18.54	1.00	3.20	45.64	10.53	-0.67	0.00	0.00	0.74	2.04	0.70	-1.00	0.00	0.00	-20.05	68.30	
513.00	55055.40	15.31	1.80	2.70	37.18	9.63	0.52	0.00	0.00	0.57	2.63	0.60	-1.00	0.00	0.00	-21.65	41.00	
514.00	55111.80	19.36	1.50	2.40	39.74	11.79	0.57	0.00	0.00	1.00	2.11	0.60	-1.00	0.00	0.00	-15.47	97.40	
515.00	55172.50	13.97	0.70	3.30	33.41	9.41	0.22	0.00	0.00	0.53	2.48	0.40	-1.00	0.00	0.00	-20.91	4.50	
516.00	55191.80	8.19	1.90	0.60	8.37	9.77	-0.60	0.00	0.00	0.89	1.18	0.80	-1.00	0.00	0.00	-7.40	49.40	
517.00	55214.90	18.52	0.90	6.60	77.33	9.48	-1.72	0.00	0.00	0.38	2.35	0.50	-1.00	0.00	0.00	-38.79	72.50	
518.00	55288.20	6.49	2.70	2.10	13.62	10.57	-0.51	0.00	0.00	0.70	1.10	0.70	-1.00	0.00	0.00	-7.39	94.60	
519.00	55327.90	9.05	2.10	2.30	20.29	11.18	0.94	0.00	0.00	1.89	1.42	0.50	-1.00	0.00	0.00	-3.83	57.50	
520.00	55472.10	21.12	1.10	7.20	93.36	11.51	-0.39	0.00	0.00	0.48	3.26	0.70	-1.00	0.00	0.00	-35.53	73.70	
521.00	55496.40	14.04	2.50	2.00	43.05	8.68	0.80	0.00	0.00	2.17	3.80	2.10	-1.00	0.00	0.00	-5.17	98.00	
522.00	55551.20	6.14	1.70	0.40	6.26	9.14	0.59	0.00	0.00	1.47	0.65	0.50	-1.00	0.00	0.00	-3.34	101.60	
523.00	55560.90	15.12	0.60	3.90	41.05	9.27	-0.32	0.00	0.00	0.41	2.38	0.40	-1.00	0.00	0.00	-29.45	34.50	
524.00	55879.50	7.79	4.10	1.20	17.66	11.27	0.23	0.00	0.00	2.23	1.52	0.80	-1.00	0.00	0.00	-2.79	97.10	
525.00	56347.70	17.21	0.80	3.30	37.16	11.05	-0.76	0.00	0.00	0.47	1.70	0.50	-1.00	0.00	0.00	-29.14	53.30	
526.00	56411.60	10.47	1.90	2.70	27.02	10.57	0.43	0.00	0.00	0.51	2.41	0.40	-1.00	0.00	0.00	-16.45	117.20	
527.00	56634.50	11.38	1.00	5.70	43.80	11.18	-1.48	0.00	0.00	0.82	2.37	0.70	-1.00	0.00	0.00	-11.17	84.10	
528.00	56829.30	7.25	0.90	1.00	7.73	11.99	-0.11	0.00	0.00	0.74	1.04	0.50	-1.00	0.00	0.00	-7.86	22.90	
529.00	56879.10	6.87	1.70	0.80	9.79	12.06	-1.04	0.00	0.00	1.47	1.39	1.20	-1.00	0.00	0.00	-3.74	72.70	
530.00	57013.30	17.74	0.80	2.30	33.77	12.22	0.07	0.00	0.00	0.46	1.78	0.50	-1.00	0.00	0.00	-31.12	27.70	
531.00	57025.30	7.34	0.60	5.20	25.18	10.33	1.66	0.00	0.00	0.40	0.93	0.40	-1.00	0.00	0.00	-14.70	90.90	
532.00	57035.20	7.51	1.00	2.20	15.74	11.46	1.65	0.00	0.00	0.77	1.95	0.60	-1.00	0.00	0.00	-7.80	100.80	
533.00	57066.70	6.27	3.20	2.60	15.36	11.34	1.12	255.00	0.00	2.31	1.56	0.60	-1.00	0.00	0.00	-2.17	4.30	
534.00	57595.20	6.52	1.90	1.70	14.90	10.62	0.86	0.00	0.00	1.69	1.72	1.60	-1.00	0.00	0.00	-3.09	20.80	
535.00	57803.90	6.26	1.10	2.60	13.72	11.86	-2.14	0.00	0.00	0.96	2.24	0.50	-1.00	0.00	0.00	-5.22	75.90	
536.00	57925.90	8.10	1.50	2.60	17.79	12.73	-2.50	0.00	0.00	0.93	1.31	0.50	-1.00	0.00	0.00	-7.00	95.50	
537.00	57948.80	6.61	4.00	0.40	11.07	12.80	0.85	0.00	0.00	1.40	0.96	0.70	-1.00	0.00	0.00	-3.78	92.80	
538.00	57976.50	16.55	0.90	2.20	35.82	10.95	0.75	0.00	0.00	0.55	2.17	0.60	-1.00	0.00	0.00	-23.94	18.10	
539.00	58130.20	13.07	1.20	3.10	33.05	12.20	-0.41	0.00	0.00	0.59	2.03	1.00	-1.00	0.00	0.00	-17.66	43.80	
540.00	58135.70	6.08	0.60	0.80	4.49	11.54	-1.17	0.00	0.00	0.39	0.45	0.30	-1.00	0.00	0.00	-12.56	126.10	
541.00	58156.60	7.72	1.10	1.60	12.39	9.98	-0.74	0.00	0.00	0.90	1.53	0.80	-1.00	0.00	0.00	-6.89	70.20	
542.00	58159.20	10.00	3.70	2.00	29.33	9.51	0.93	255.00	0.00	0.77	1.99	0.40	-1.00	0.00	0.00	-10.41	47.20	
543.00	58249.00	6.15	0.90	3.00	13.68	11.79	0.75	0.00	0.00	0.34	1.04	0.20	-1.00	0.00	0.00	-14.46	34.60	
544.00	58549.40	6.28	1.50	1.30	11.23	11.87	-1.16	0.00	0.00	1.04	1.90	0.80	-1.00	0.00	0.00	-4.84	53.40	
545.00	58583.20	19.47	1.30	7.30	92.18	12.55	-0.78	0.00	0.00	0.50	2.72	0.60	-1.00	0.00	0.00	-30.85	112.80	
546.00	58733.10	16.48	1.50	2.50	38.30	11.55	-0.57	0.00	0.00	0.40	2.60	0.70	-1.00	0.00	0.00	-32.85	6.70	
547.00	58800.00	19.79	1.10	2.20	40.80	11.00	0.04	0.00	0.00	0.88	1.78	1.00	-1.00	0.00	0.00	-18.00	73.60	
548.00	58825.30	8.73	1.20	0.60	9.16	11.40	0.28	0.00	0.00	1.04	1.17	0.80	-1.00	0.00	0.00	-6.70	98.90	
549.00	58847.30	7.14	1.00	1.50	9.77	8.75	-1.19	0.00	0.00	0.70	1.08	0.70	-1.00	0.00	0.00	-8.22	95.30	
550.00	58989.10	20.85	0.60	3.00	43.33	11.47	-0.06	0.00	0.00	0.36	2.18	0.40	-1.00	0.00	0.00	-46.09	6.70	
551.00	59064.50	8.46	1.60	3.30	17.87	11.86	-0.75	0.00	0.00	0.75	1.02	0.40	-1.00	0.00	0.00	-9.04	82.10	
552.00	59162.40	8.76	1.30	1.50	15.51	11.88	0.47	0.00	0.00	1.10	1.89	1.00	-1.00	0.00	0.00	-6.35	26.40	
553.00	59276.30	15.78	0.80	2.80	34.36	11.99	0.95	0.00	0.00	0.35	1.92	0.40	-1.00	0.00	0.00	-36.13	37.90	
554.00	59294.10	11.34	0.60	2.00	18.36	9.56	0.44	0.00	0.00	0.33	1.88	0.30	-1.00	0.00	0.00	-27.47	55.70	
555.00	59299.90	7.31	0.50	0.80	5.78	0.35	-0.07	255.00	0.00	0.29	0.84	0.30	-1.00	0.00	0.00	-20.22	35.90	
556.00	59360.90	6.70	2.70	2.20	16.18	9.62	-1.33	0.00	0.00	2.12	1.02	0.20	-1.00	0.00	0.00	-2.52	122.50	
557.00	59625.60	6.17	0.80	0.80	5.66	11.50	1.43	0.00	0.00	0.65	1.01	0.40	-1.00	0.00	0.00	-7.55	3.20	
558.00	59785.80	6.09	0.50	1.20	4.53	12.93	-0.35	0.00	0.00	0.40	0.39	0.20	-1.00	0.00	0.00	-12.22	35.40	
559.00	59809.40	10.42	2.20	1.80	27.53	13.72	-0.24	0.00	0.00	2.00	2.79	1.50	-1.00	0.00	0.00	-4.16	59.00	
560.00	59893.80	29.29	0.80	2.60	64.01	12.12	0.72	0.00	0.00	0.41	2.33	0.60	-1.00	0.00	0.00	-57.18	15.40	
561.00	60064.70	9.09	0.70	2.70	18.01	12.22	-0.40	0.00	0.00	0.48	1.69	0.50	-1.00	0.00	0.00	-15.03	58.30	
562.00	60101.30	8.33	1.80	1.00	14.76	12.77	1.59	0.00	0.00	1.64	1.87	1.00	-1.00	0.00	0.00	-4.05	69.30	
563.00	60105.60	6.15	0.90	1.40	7.66	12.80	0.20	0.00	0.00	0.66	0.99	0.30	-1.00	0.00	0.00	-7.42	73.60	
564.00	60445.80	7.15	2.00	1.40	11.20	13.14	-1.61	0.00	0.00	1.41	0.93	0.70	-1.00	0.00	0.00	-4.06	55.40	
565.00	60726.90	8.78	1.20	3.40	26.03	11.89	0.08	0.00	0.00	0.95	2.71	0.90	-1.00	0.00	0.00	-7.42	80.50	
566.00	60748.40	12.86	1.00	2.30	25.90	11.55	-0.46	0.00	0.00	0.74	1.74	0.70	-1.00	0.00	0.00	-13.96	102.00	
567.00	60813.90	6.58	1.90	0.90	8.72	11.82	-0.37	0.00	0.00	1.12	1.06	0.80	-1.00	0.00	0.00	-4.70	13.90	
568.00	60890.80	6.46	1.30	3.50	18.73	13.61	1.28	0.00	0.00	1.10	2.36	0.60	-1.00	0.00	0.00	-4.70	90.80	
569.00	60924.90	23.72	0.80	3.40	68.74	12.69	0.35	0.00	0.00	0.58	3.44	0.50	-1.00	0.00	0.00	-32.69	124.90	
570.00	60976.50	8.08	3.90	1.00	18.91	10.91	0.93	0.00	0.00	3.31	1.66	1.00	-1.00	0.00	0.00	-1.95	48.50	
571.00	61089.50	7.25	1.80	1.10	12.71	11.85	0.06	0.00	0.00	1.68	1.49	0.60	-1.00	0.00	0.00	-3.45	33.50	
572.00	61790.70	7.72	1.40	1.40	13.06	12.26	-0.33	0.00	0.00	1.20	1.63	0.90	-1.00	0.00	0.00	-5.15	94.70	
573.00	62059.20	9.40	4.20	2.70	30.88	12.64	0.31	0.00	0.00	2.96	1.90	0.70	-1.00	0.00	0.00	-2.54	107.20	
