	Time (ms)	Amplitude	Rise (ms)	Decay (ms)	Area	Baseline	Noise	Group	Channel	10-90Rise	HalfWidth	Rise50	Peak Dir	Burst#	BurstE#	10-90Slope	Rel Time	
1.00	1941.00	13.89	1.00	2.10	28.77	-0.82	0.08	0.00	0.00	0.85	2.32	0.80	-1.00	0.00	0.00	-13.09	661.00	
2.00	3555.50	23.85	0.80	2.10	45.38	-0.75	-0.70	0.00	0.00	0.63	2.37	0.60	-1.00	0.00	0.00	-30.35	995.50	
3.00	4933.90	11.25	1.10	2.10	24.78	0.11	-0.06	0.00	0.00	0.78	2.56	0.60	-1.00	0.00	0.00	-11.57	1093.90	
4.00	8736.80	10.22	1.80	2.10	17.54	0.76	-0.93	0.00	0.00	0.67	1.42	0.70	-1.00	0.00	0.00	-12.21	1056.80	
5.00	9905.70	13.00	1.30	2.10	27.37	0.32	-0.95	0.00	0.00	1.04	1.74	0.90	-1.00	0.00	0.00	-9.99	945.70	
6.00	10659.80	13.57	1.70	2.10	34.58	0.57	0.99	0.00	0.00	1.04	2.61	1.50	-1.00	0.00	0.00	-10.47	419.80	
7.00	11480.30	12.47	3.00	2.10	33.47	0.89	-0.61	0.00	0.00	1.19	2.84	0.90	-1.00	0.00	0.00	-8.39	1240.30	
8.00	16838.50	13.03	1.50	2.10	27.55	-0.03	0.32	0.00	0.00	1.23	2.05	0.90	-1.00	0.00	0.00	-8.45	198.50	
9.00	17921.10	24.01	1.10	2.10	44.52	-0.53	1.43	0.00	0.00	0.44	2.38	0.40	-1.00	0.00	0.00	-43.27	1.10	
10.00	18029.80	12.47	0.80	2.10	21.95	-1.01	2.02	0.00	0.00	0.68	0.79	0.70	-1.00	0.00	0.00	-14.58	109.80	
11.00	18890.80	14.04	1.30	2.10	29.25	-0.59	0.43	0.00	0.00	1.06	2.20	0.90	-1.00	0.00	0.00	-10.64	970.80	
12.00	22306.20	24.71	1.70	2.10	56.34	0.14	-1.83	0.00	0.00	0.58	2.70	0.80	-1.00	0.00	0.00	-33.94	546.20	
13.00	24436.00	20.83	1.30	2.10	43.51	1.10	0.17	0.00	0.00	0.55	2.49	0.50	-1.00	0.00	0.00	-30.04	116.00	
14.00	25301.70	11.26	2.40	2.10	32.14	0.06	-1.82	0.00	0.00	2.17	3.00	1.90	-1.00	0.00	0.00	-4.15	981.70	
15.00	27392.00	21.09	1.00	2.10	42.05	0.30	-0.13	0.00	0.00	0.38	2.37	0.40	-1.00	0.00	0.00	-44.24	512.00	
16.00	27473.80	11.83	1.80	2.10	28.23	-0.15	0.75	0.00	0.00	1.32	1.93	1.00	-1.00	0.00	0.00	-7.19	593.80	
17.00	27886.20	10.57	1.70	2.10	24.78	0.48	1.85	0.00	0.00	1.43	1.24	1.10	-1.00	0.00	0.00	-5.91	1006.20	
18.00	31161.90	12.78	1.00	2.10	28.70	0.26	0.93	0.00	0.00	0.64	2.82	0.90	-1.00	0.00	0.00	-15.96	441.90	
19.00	31785.20	18.81	0.60	2.10	29.15	-0.23	-0.79	0.00	0.00	0.43	1.67	0.40	-1.00	0.00	0.00	-35.31	1065.20	
20.00	32170.40	15.23	1.50	2.10	36.36	1.15	-0.91	0.00	0.00	1.14	3.02	1.10	-1.00	0.00	0.00	-10.64	170.40	
21.00	35500.50	14.08	2.10	2.10	38.04	0.31	0.76	0.00	0.00	1.86	3.41	1.50	-1.00	0.00	0.00	-6.07	940.50	
22.00	36166.10	10.64	1.90	2.10	26.08	0.39	0.31	0.00	0.00	0.96	3.14	1.20	-1.00	0.00	0.00	-8.89	326.10	
23.00	38347.30	13.77	1.60	2.10	27.58	0.19	-1.49	0.00	0.00	1.47	1.41	1.10	-1.00	0.00	0.00	-7.47	1227.30	
24.00	40540.10	13.51	1.80	2.10	30.61	-0.34	-1.18	0.00	0.00	1.30	2.23	1.40	-1.00	0.00	0.00	-8.33	860.10	
25.00	40737.00	17.04	1.00	2.10	30.74	-0.44	0.81	0.00	0.00	0.32	1.98	0.20	-1.00	0.00	0.00	-42.66	1057.00	
26.00	41084.20	11.80	2.90	2.10	34.65	-1.00	0.24	0.00	0.00	2.66	2.49	2.30	-1.00	0.00	0.00	-3.55	124.20	
27.00	41775.90	10.51	4.40	2.10	32.23	0.35	0.48	0.00	0.00	4.28	1.02	0.50	-1.00	0.00	0.00	-1.96	815.90	
28.00	42236.10	15.16	1.50	2.10	35.18	-0.24	1.41	0.00	0.00	1.24	2.30	1.30	-1.00	0.00	0.00	-9.78	1276.10	
29.00	44560.80	15.17	1.40	2.10	31.17	-1.21	0.54	0.00	0.00	1.09	2.61	0.70	-1.00	0.00	0.00	-11.15	1040.80	
30.00	45110.30	11.76	3.20	2.10	37.45	-0.51	-0.36	0.00	0.00	2.91	3.07	2.40	-1.00	0.00	0.00	-3.24	310.30	
31.00	45120.50	19.08	1.00	2.10	41.98	-2.38	0.49	0.00	0.00	0.77	2.66	0.70	-1.00	0.00	0.00	-19.94	320.50	
32.00	47928.00	21.37	1.40	2.10	48.60	-0.12	-1.65	0.00	0.00	0.82	2.73	0.80	-1.00	0.00	0.00	-20.93	568.00	
33.00	48123.70	10.53	1.20	2.10	24.54	-0.68	-2.90	0.00	0.00	1.09	3.05	1.10	-1.00	0.00	0.00	-7.71	763.70	
34.00	49403.20	17.78	1.40	2.10	42.11	-0.24	1.77	0.00	0.00	1.21	2.92	1.00	-1.00	0.00	0.00	-11.75	763.20	
35.00	49668.20	10.14	1.40	2.10	20.77	-0.29	-0.59	0.00	0.00	1.22	1.62	0.40	-1.00	0.00	0.00	-6.65	1028.20	
36.00	50773.40	21.88	1.80	2.10	49.62	-0.24	-0.24	0.00	0.00	0.93	2.50	0.90	-1.00	0.00	0.00	-18.85	853.40	
37.00	52578.10	11.64	2.40	2.10	29.53	0.64	-0.90	0.00	0.00	1.89	1.64	0.50	-1.00	0.00	0.00	-4.93	98.10	
38.00	54234.50	10.50	0.90	2.10	20.34	-0.62	0.13	0.00	0.00	0.74	1.95	0.70	-1.00	0.00	0.00	-11.34	474.50	
39.00	54691.00	10.54	1.40	2.10	26.21	0.22	-0.47	0.00	0.00	1.26	3.15	1.20	-1.00	0.00	0.00	-6.71	931.00	
40.00	55407.20	12.03	0.70	2.10	22.04	0.30	1.33	0.00	0.00	0.41	2.07	0.50	-1.00	0.00	0.00	-23.48	367.20	
41.00	56997.30	10.00	1.60	2.10	22.23	-0.81	-0.74	0.00	0.00	1.40	2.27	0.50	-1.00	0.00	0.00	-5.73	677.30	
42.00	62679.30	15.37	0.60	2.10	23.20	0.44	3.98	0.00	0.00	0.50	1.79	0.40	-1.00	0.00	0.00	-24.47	1239.30	
43.00	63448.10	12.61	1.70	2.10	28.60	1.36	1.52	0.00	0.00	1.46	2.56	1.40	-1.00	0.00	0.00	-6.92	728.10	
44.00	63789.30	21.98	1.00	2.10	46.35	-0.17	-0.08	0.00	0.00	0.64	2.37	0.60	-1.00	0.00	0.00	-27.56	1069.30	
45.00	68330.80	10.39	1.30	2.10	19.04	0.72	1.66	0.00	0.00	1.07	1.91	0.60	-1.00	0.00	0.00	-7.75	490.80	
46.00	68358.70	12.88	0.60	2.10	18.37	-0.85	0.54	0.00	0.00	0.46	1.35	0.40	-1.00	0.00	0.00	-22.25	518.70	
47.00	76133.40	16.14	1.70	2.10	34.45	0.80	-1.57	0.00	0.00	1.02	1.84	0.70	-1.00	0.00	0.00	-12.71	613.40	
48.00	77043.10	11.57	1.10	2.10	26.96	0.26	-0.95	0.00	0.00	0.91	2.90	1.00	-1.00	0.00	0.00	-10.16	243.10	
49.00	78644.50	11.09	1.40	2.10	25.60	0.56	0.35	0.00	0.00	1.17	2.42	1.20	-1.00	0.00	0.00	-7.60	564.50	
50.00	80162.00	11.17	0.90	2.10	14.91	0.56	1.60	0.00	0.00	0.81	1.09	0.80	-1.00	0.00	0.00	-10.99	802.00	
51.00	80478.90	13.68	0.70	2.10	22.77	-1.25	-1.68	0.00	0.00	0.57	1.45	0.40	-1.00	0.00	0.00	-19.36	1118.90	
52.00	82584.90	20.61	1.80	2.10	51.64	-0.06	1.48	0.00	0.00	1.16	3.13	1.20	-1.00	0.00	0.00	-14.21	664.90	
53.00	83025.70	10.67	1.40	2.10	19.15	0.22	-1.70	0.00	0.00	1.00	2.46	0.80	-1.00	0.00	0.00	-8.55	1105.70	
54.00	83619.20	11.70	1.50	2.10	23.73	-0.73	-0.75	0.00	0.00	1.08	1.67	1.20	-1.00	0.00	0.00	-8.68	419.20	
55.00	83691.90	10.35	2.50	2.10	32.05	-0.33	-1.32	0.00	0.00	2.23	2.70	2.40	-1.00	0.00	0.00	-3.72	491.90	
56.00	84163.90	18.16	1.00	2.10	37.88	-0.23	0.07	0.00	0.00	0.83	2.50	0.50	-1.00	0.00	0.00	-17.42	963.90	
57.00	84333.90	13.16	2.30	2.10	39.21	-0.32	-4.03	0.00	0.00	2.14	2.42	2.20	-1.00	0.00	0.00	-4.91	1133.90	
58.00	85656.20	16.87	2.20	2.10	44.51	-1.16	-0.92	0.00	0.00	1.60	2.86	1.40	-1.00	0.00	0.00	-8.46	1176.20	
59.00	85782.70	11.41	1.00	2.10	23.27	0.38	1.30	0.00	0.00	0.80	2.64	0.70	-1.00	0.00	0.00	-11.45	22.70	
60.00	85881.40	13.64	1.30	2.10	29.21	-0.75	0.88	0.00	0.00	1.04	1.96	0.80	-1.00	0.00	0.00	-10.50	121.40	
61.00	89340.40	14.31	1.40	2.10	32.56	0.37	-0.21	0.00	0.00	1.19	3.00	1.10	-1.00	0.00	0.00	-9.59	1020.40	
62.00	90240.40	19.96	2.50	2.10	52.49	0.68	2.39	0.00	0.00	0.74	2.91	1.20	-1.00	0.00	0.00	-21.63	640.40	
63.00	90924.10	11.26	1.30	2.10	22.98	1.31	-0.11	0.00	0.00	1.11	1.64	1.00	-1.00	0.00	0.00	-8.11	44.10	
64.00	93572.10	13.75	0.80	2.10	23.65	0.50	2.61	0.00	0.00	0.43	1.45	0.30	-1.00	0.00	0.00	-25.63	132.10	
65.00	93676.90	10.77	2.10	2.10	25.62	-0.84	-0.45	0.00	0.00	2.01	2.37	1.70	-1.00	0.00	0.00	-4.29	236.90	
66.00	99778.70	23.91	1.80	2.10	57.92	-0.75	1.22	0.00	0.00	1.29	2.97	1.00	-1.00	0.00	0.00	-14.88	1218.70	
67.00	100427.20	15.44	1.10	2.10	35.23	0.02	0.58	0.00	0.00	0.65	2.70	0.70	-1.00	0.00	0.00	-18.94	587.20	
68.00	104136.20	13.77	1.20	2.10	27.23	-1.54	0.72	0.00	0.00	0.98	2.06	0.60	-1.00	0.00	0.00	-11.27	456.20	
69.00	105869.40	21.03	1.30	2.10	52.44	-1.15	-2.20	0.00	0.00	0.94	2.76	0.80	-1.00	0.00	0.00	-17.90	909.40	
70.00	110130.80	16.74	1.50	2.10	38.49	0.69	1.04	0.00	0.00	0.93	2.71	0.80	-1.00	0.00	0.00	-14.45	50.80	
71.00	110602.50	10.53	1.40	2.10	21.35	0.27	1.61	0.00	0.00	1.22	1.89	0.90	-1.00	0.00	0.00	-6.90	522.50	
72.00	111210.60	17.38	2.20	2.10	53.51	-0.51	-1.01	0.00	0.00	1.90	3.70	1.70	-1.00	0.00	0.00	-7.32	1130.60	
73.00	112048.70	11.43	1.70	2.10	22.20	-1.36	2.39	0.00	0.00	1.59	1.37	1.20	-1.00	0.00	0.00	-5.76	688.70	
74.00	112349.60	18.26	1.90	2.10	50.16	0.02	-0.23	0.00	0.00	1.55	3.22	1.50	-1.00	0.00	0.00	-9.43	989.60	
75.00	113276.30	14.34	1.20	2.10	35.05	-0.30	-0.80	0.00	0.00	0.78	2.82	0.90	-1.00	0.00	0.00	-14.68	636.30	
76.00	113564.20	20.03	1.40	2.10	51.55	-0.70	1.34	0.00	0.00	1.07	2.93	1.00	-1.00	0.00	0.00	-15.03	924.20	
77.00	113854.00	11.41	1.20	2.10	21.87	-0.75	0.31	0.00	0.00	0.73	2.42	0.50	-1.00	0.00	0.00	-12.50	1214.00	
78.00	115266.90	21.68	1.40	2.10	54.68	-1.07	-1.60	0.00	0.00	0.91	2.64	1.00	-1.00	0.00	0.00	-19.03	66.90	
79.00	115747.20	10.94	1.10	2.10	23.13	-0.36	-0.45	0.00	0.00	0.91	2.90	1.00	-1.00	0.00	0.00	-9.66	547.20	
80.00	116033.70	10.05	1.70	2.10	19.74	-0.59	-0.13	0.00	0.00	1.11	2.03	0.90	-1.00	0.00	0.00	-7.22	833.70	
81.00	116913.30	19.24	1.80	2.10	40.87	-0.61	-2.50	0.00	0.00	1.13	2.67	0.80	-1.00	0.00	0.00	-13.58	433.30	
82.00	118931.50	22.61	2.20	2.10	59.82	-0.79	2.16	0.00	0.00	0.92	3.05	1.10	-1.00	0.00	0.00	-19.57	1171.50	
83.00	119518.70	18.15	1.50	2.10	40.49	0.08	0.51	0.00	0.00	1.27	2.67	1.10	-1.00	0.00	0.00	-11.41	478.70	
84.00	122569.30	13.08	1.30	2.10	29.77	-0.30	1.24	0.00	0.00	1.18	2.95	1.00	-1.00	0.00	0.00	-8.88	969.30	
85.00	123382.10	15.03	1.70	2.10	41.80	0.62	-0.75	0.00	0.00	1.23	3.37	1.40	-1.00	0.00	0.00	-9.80	502.10	
86.00	124540.30	23.76	1.60	2.10	56.39	-0.39	-1.54	0.00	0.00	1.18	2.72	0.80	-1.00	0.00	0.00	-16.11	380.30	
87.00	125948.90	17.79	1.50	2.10	42.74	-0.70	-1.06	0.00	0.00	1.34	2.91	1.30	-1.00	0.00	0.00	-10.58	508.90	
88.00	130310.00	10.88	2.00	2.10	27.77	-0.81	0.66	0.00	0.00	1.58	2.91	1.40	-1.00	0.00	0.00	-5.50	1030.00	
89.00	133845.40	14.94	1.20	2.10	32.89	-0.28	1.29	0.00	0.00	1.02	1.77	0.80	-1.00	0.00	0.00	-11.75	725.40	
90.00	133912.00	17.47	2.00	2.10	40.15	-0.50	-2.05	0.00	0.00	0.73	2.38	0.90	-1.00	0.00	0.00	-19.22	792.00	
91.00	134092.40	15.10	4.20	2.10	55.52	-1.40	1.94	0.00	0.00	3.10	3.84	1.90	-1.00	0.00	0.00	-3.89	972.40	
92.00	137185.80	13.21	2.80	2.10	40.59	-0.47	-0.86	0.00	0.00	2.64	3.01	2.00	-1.00	0.00	0.00	-4.00	225.80	
93.00	137459.90	14.81	1.40	2.10	31.62	-0.22	0.51	0.00	0.00	1.17	2.14	1.00	-1.00	0.00	0.00	-10.15	499.90	
94.00	138518.60	12.45	0.80	2.10	18.24	0.12	-0.35	0.00	0.00	0.72	0.97	0.60	-1.00	0.00	0.00	-13.81	278.60	
95.00	138902.30	13.42	2.10	2.10	40.30	0.46	0.16	0.00	0.00	1.89	2.96	1.90	-1.00	0.00	0.00	-5.67	662.30	
96.00	143004.60	12.50	3.50	2.10	47.23	-0.48	-0.42	0.00	0.00	3.39	4.41	3.30	-1.00	0.00	0.00	-2.95	924.60	
97.00	143863.20	14.26	2.10	2.10	34.82	-0.62	0.04	0.00	0.00	1.27	2.42	1.20	-1.00	0.00	0.00	-8.96	503.20	
98.00	144486.20	19.84	0.90	2.10	35.65	-0.41	0.57	0.00	0.00	0.47	1.97	0.40	-1.00	0.00	0.00	-33.48	1126.20	
99.00	145280.90	11.81	0.80	2.10	17.96	-0.41	1.04	0.00	0.00	0.48	1.27	0.60	-1.00	0.00	0.00	-19.58	640.90	
100.00	147120.00	18.88	1.30	2.10	40.51	-0.47	-0.16	0.00	0.00	0.80	2.38	0.60	-1.00	0.00	0.00	-18.89	1200.00	
101.00	147151.40	24.32	1.30	2.10	54.76	-0.77	1.04	0.00	0.00	0.87	2.58	0.60	-1.00	0.00	0.00	-22.26	1231.40	
102.00	147779.50	15.68	2.10	2.10	39.80	-2.64	-0.67	0.00	0.00	1.13	2.56	1.20	-1.00	0.00	0.00	-11.08	579.50	
103.00	147852.00	22.75	1.20	2.10	49.64	-1.95	0.35	0.00	0.00	0.96	2.78	0.80	-1.00	0.00	0.00	-19.04	652.00	
104.00	149252.90	12.58	2.30	2.10	29.91	-0.20	-0.94	0.00	0.00	1.48	3.06	1.40	-1.00	0.00	0.00	-6.78	772.90	
105.00	149262.60	11.58	1.10	2.10	24.08	-4.02	1.73	0.00	0.00	0.96	2.49	0.80	-1.00	0.00	0.00	-9.60	782.60	
106.00	149573.80	16.84	3.60	2.10	56.38	-0.75	-0.35	0.00	0.00	3.21	2.88	1.10	-1.00	0.00	0.00	-4.20	1093.80	
107.00	155414.10	12.72	1.30	2.10	30.11	-0.67	-2.30	0.00	0.00	1.09	2.38	0.90	-1.00	0.00	0.00	-9.31	534.10	
108.00	163418.00	10.70	1.30	2.10	23.16	-0.72	1.97	0.00	0.00	0.83	2.46	0.90	-1.00	0.00	0.00	-10.26	858.00	
109.00	164520.80	18.13	1.00	2.10	39.01	-0.20	-1.05	0.00	0.00	0.75	2.62	0.70	-1.00	0.00	0.00	-19.46	680.80	
110.00	165173.40	17.28	2.40	2.10	51.96	-0.85	1.92	0.00	0.00	2.25	3.30	2.00	-1.00	0.00	0.00	-6.16	53.40	
111.00	165649.50	11.48	1.30	2.10	24.52	-1.39	2.00	0.00	0.00	1.00	2.45	0.70	-1.00	0.00	0.00	-9.19	529.50	
112.00	170259.20	10.24	0.60	2.10	17.34	-0.36	-1.36	0.00	0.00	0.50	1.90	0.20	-1.00	0.00	0.00	-16.54	19.20	
113.00	172830.00	19.28	1.30	2.10	44.88	-1.68	0.85	0.00	0.00	0.83	2.75	0.80	-1.00	0.00	0.00	-18.57	30.00	
114.00	173662.60	13.18	1.80	2.10	32.90	-2.82	-0.86	0.00	0.00	1.60	3.38	1.40	-1.00	0.00	0.00	-6.61	862.60	
115.00	174754.60	12.04	1.80	2.10	28.73	-0.80	0.10	0.00	0.00	1.74	2.51	1.70	-1.00	0.00	0.00	-5.54	674.60	
116.00	175720.60	14.32	1.40	2.10	33.44	-0.06	0.02	0.00	0.00	0.72	2.49	1.00	-1.00	0.00	0.00	-16.00	360.60	
117.00	177274.80	13.02	2.00	2.10	28.92	0.11	-0.13	0.00	0.00	1.37	1.60	0.90	-1.00	0.00	0.00	-7.61	634.80	
118.00	184543.50	16.71	2.30	2.10	46.43	-2.11	0.84	0.00	0.00	1.85	3.41	1.50	-1.00	0.00	0.00	-7.22	223.50	
119.00	185384.70	17.45	1.40	2.10	38.93	-0.02	1.45	0.00	0.00	1.17	2.81	0.90	-1.00	0.00	0.00	-11.89	1064.70	
120.00	186575.20	15.97	2.80	2.10	38.85	0.53	-1.93	0.00	0.00	1.07	2.53	1.00	-1.00	0.00	0.00	-11.90	975.20	
121.00	190443.40	16.50	1.90	2.10	37.75	-1.71	1.77	0.00	0.00	1.65	2.21	0.70	-1.00	0.00	0.00	-8.03	1003.40	
122.00	190953.90	18.60	2.70	2.10	41.18	-0.36	0.30	0.00	0.00	1.03	2.20	0.80	-1.00	0.00	0.00	-14.42	233.90	
123.00	191815.10	12.04	1.40	2.10	27.06	-0.05	-0.08	0.00	0.00	0.86	2.84	0.90	-1.00	0.00	0.00	-11.23	1095.10	
124.00	192085.50	18.45	2.20	2.10	55.36	-1.02	0.13	0.00	0.00	1.04	3.47	1.80	-1.00	0.00	0.00	-14.20	85.50	
125.00	192225.50	13.82	1.30	2.10	27.06	-0.15	-2.84	0.00	0.00	1.05	1.33	0.70	-1.00	0.00	0.00	-10.57	225.50	
126.00	192499.50	17.64	0.80	2.10	34.22	-1.03	-1.39	0.00	0.00	0.47	1.82	0.50	-1.00	0.00	0.00	-30.28	499.50	
127.00	192894.90	23.03	1.20	2.10	49.29	-1.14	-0.56	0.00	0.00	0.96	2.73	0.80	-1.00	0.00	0.00	-19.21	894.90	
128.00	193828.40	16.01	1.40	2.10	40.81	-0.87	-1.88	0.00	0.00	1.10	2.91	1.00	-1.00	0.00	0.00	-11.66	548.40	
129.00	195025.90	14.62	1.90	2.10	38.69	0.16	-1.35	0.00	0.00	1.63	3.31	1.40	-1.00	0.00	0.00	-7.15	465.90	
130.00	195532.90	16.23	1.30	2.10	32.80	-1.36	0.60	0.00	0.00	1.02	2.01	0.60	-1.00	0.00	0.00	-12.76	972.90	
131.00	196628.90	23.60	1.80	2.10	62.09	-0.79	-2.30	0.00	0.00	1.19	2.92	1.00	-1.00	0.00	0.00	-15.81	788.90	
132.00	198192.30	16.61	1.00	2.10	35.72	-1.22	-0.71	0.00	0.00	0.79	2.62	0.70	-1.00	0.00	0.00	-16.81	1072.30	
133.00	200340.30	16.81	0.80	2.10	30.83	-0.55	-0.91	0.00	0.00	0.52	2.35	0.40	-1.00	0.00	0.00	-25.94	660.30	
134.00	200470.30	10.96	1.60	2.10	22.50	-0.39	3.62	0.00	0.00	1.05	1.95	1.10	-1.00	0.00	0.00	-8.38	790.30	
135.00	201125.20	21.70	2.10	2.10	54.17	0.04	0.05	0.00	0.00	1.42	2.70	1.20	-1.00	0.00	0.00	-12.23	165.20	
136.00	201660.60	14.99	1.80	2.10	38.14	-1.01	-3.49	0.00	0.00	1.38	3.12	1.20	-1.00	0.00	0.00	-8.66	700.60	
137.00	203272.70	12.57	1.30	2.10	28.78	0.70	0.12	0.00	0.00	1.10	2.25	1.00	-1.00	0.00	0.00	-9.12	1032.70	
138.00	206639.10	17.48	2.50	2.10	53.48	-1.14	0.33	0.00	0.00	2.12	3.33	1.70	-1.00	0.00	0.00	-6.60	559.10	
139.00	207116.60	16.12	1.50	2.10	32.47	-0.72	0.14	0.00	0.00	0.64	2.51	0.60	-1.00	0.00	0.00	-20.08	1036.60	
140.00	207517.60	13.72	1.20	2.10	29.73	-1.26	0.44	0.00	0.00	1.00	2.68	0.70	-1.00	0.00	0.00	-10.92	157.60	
141.00	209099.20	12.68	2.20	2.10	37.83	-1.59	0.04	0.00	0.00	1.92	3.69	1.70	-1.00	0.00	0.00	-5.28	459.20	
142.00	212122.10	17.32	2.90	2.10	46.59	0.29	2.07	0.00	0.00	2.09	2.85	0.90	-1.00	0.00	0.00	-6.63	922.10	
143.00	212446.00	23.84	1.00	2.10	48.90	-1.60	0.30	0.00	0.00	0.78	2.69	0.70	-1.00	0.00	0.00	-24.45	1246.00	
144.00	212603.30	15.58	2.00	2.10	38.69	-0.49	-1.07	0.00	0.00	1.13	2.88	0.90	-1.00	0.00	0.00	-11.03	123.30	
145.00	213022.10	17.65	1.50	2.10	47.26	0.24	-0.53	0.00	0.00	1.29	3.12	1.20	-1.00	0.00	0.00	-10.92	183.70	
146.00	213309.10	13.97	1.50	2.10	32.88	0.25	-0.84	0.00	0.00	1.36	2.58	1.30	-1.00	0.00	0.00	-8.19	829.10	
147.00	213474.20	11.66	1.30	2.10	25.57	-0.65	-1.55	0.00	0.00	1.14	2.16	1.10	-1.00	0.00	0.00	-8.16	994.20	
148.00	214437.70	24.20	1.30	2.10	56.24	0.01	0.91	0.00	0.00	0.80	2.96	1.00	-1.00	0.00	0.00	-24.26	677.70	
149.00	215915.60	17.32	1.90	2.10	47.11	-1.50	0.38	0.00	0.00	1.56	3.46	1.50	-1.00	0.00	0.00	-8.85	875.60	
150.00	217691.80	14.92	1.60	2.10	33.49	-0.41	1.55	0.00	0.00	1.32	2.66	1.10	-1.00	0.00	0.00	-9.02	91.80	
151.00	218856.30	13.92	2.30	2.10	44.18	-2.03	1.74	0.00	0.00	2.13	4.00	2.10	-1.00	0.00	0.00	-5.24	1256.30	
152.00	220309.10	15.62	0.90	2.10	34.85	-0.89	0.17	0.00	0.00	0.76	2.40	0.40	-1.00	0.00	0.00	-16.44	149.10	
153.00	220318.40	15.40	10.20	2.10	103.14	-0.55	-1.12	255.00	0.00	1.11	2.78	0.80	-1.00	0.00	0.00	-11.10	184.00	
154.00	221316.30	14.79	1.10	2.10	31.44	-1.05	-0.94	0.00	0.00	0.65	2.45	0.50	-1.00	0.00	0.00	-18.32	1156.30	
155.00	221327.60	18.43	1.60	2.10	48.10	-3.15	2.83	255.00	0.00	1.40	3.18	1.20	-1.00	0.00	0.00	-10.51	41.20	
156.00	221445.80	11.89	1.10	2.10	21.05	-3.39	1.14	0.00	0.00	0.55	1.63	0.50	-1.00	0.00	0.00	-17.23	5.80	
157.00	221533.60	10.44	0.60	2.10	20.02	-1.31	-1.16	0.00	0.00	0.50	2.34	0.40	-1.00	0.00	0.00	-16.69	93.60	
158.00	222254.50	12.28	1.30	1.60	10.10	-1.22	0.25	0.00	0.00	1.15	0.24	0.20	-1.00	0.00	0.00	-8.51	814.50	
159.00	224907.70	14.72	2.20	2.10	40.35	-1.25	0.02	0.00	0.00	1.97	3.29	1.60	-1.00	0.00	0.00	-5.98	907.70	
160.00	226045.70	17.29	2.00	2.10	44.66	-1.25	1.38	0.00	0.00	1.79	3.40	1.50	-1.00	0.00	0.00	-7.71	765.70	
161.00	226888.90	14.49	2.40	2.10	31.25	-0.48	2.13	0.00	0.00	1.13	2.12	0.80	-1.00	0.00	0.00	-10.25	328.90	
162.00	227447.40	25.60	1.20	2.10	62.12	-0.68	0.83	0.00	0.00	0.95	2.70	0.70	-1.00	0.00	0.00	-21.46	887.40	
163.00	228670.30	15.03	3.00	2.10	50.88	-0.95	-1.35	0.00	0.00	2.78	4.11	2.30	-1.00	0.00	0.00	-4.32	830.30	
164.00	230266.80	20.20	1.60	2.10	53.40	-2.20	2.69	0.00	0.00	1.11	3.05	1.10	-1.00	0.00	0.00	-14.61	1146.80	
165.00	234951.30	22.72	1.50	2.10	57.42	-0.87	-1.25	0.00	0.00	1.20	3.02	1.10	-1.00	0.00	0.00	-15.10	711.30	
166.00	235419.40	21.35	1.10	2.10	48.94	-1.27	-0.39	0.00	0.00	0.81	2.58	0.60	-1.00	0.00	0.00	-20.97	1179.40	
167.00	236050.80	21.92	1.20	2.10	52.12	-1.37	1.24	0.00	0.00	0.95	2.84	0.90	-1.00	0.00	0.00	-18.54	530.80	
168.00	236355.30	14.14	2.30	2.10	41.75	-1.24	-0.75	0.00	0.00	1.72	3.64	1.70	-1.00	0.00	0.00	-6.57	835.30	
169.00	237244.90	15.12	1.80	2.10	38.97	-1.54	1.69	0.00	0.00	1.58	3.23	1.40	-1.00	0.00	0.00	-7.68	444.90	
170.00	237263.20	10.95	2.80	2.10	35.02	-3.76	-1.94	0.00	0.00	2.62	3.34	2.50	-1.00	0.00	0.00	-3.34	463.20	
171.00	238214.60	10.71	1.80	2.10	27.98	-0.58	0.86	0.00	0.00	1.46	3.22	1.40	-1.00	0.00	0.00	-5.89	134.60	
172.00	238875.00	13.49	1.90	2.10	36.48	-1.85	0.96	0.00	0.00	1.53	3.33	1.40	-1.00	0.00	0.00	-7.06	795.00	
173.00	239098.90	15.97	1.50	2.10	38.57	-1.87	-0.15	0.00	0.00	1.10	2.99	1.00	-1.00	0.00	0.00	-11.65	1018.90	
174.00	239726.00	10.36	2.70	2.10	25.24	-1.80	0.58	0.00	0.00	2.37	0.94	0.70	-1.00	0.00	0.00	-3.50	366.00	
175.00	240006.60	17.68	1.30	2.10	37.73	-1.11	-2.01	0.00	0.00	0.89	2.55	0.60	-1.00	0.00	0.00	-15.97	646.60	
176.00	240162.00	12.73	1.40	2.10	30.33	-2.25	0.75	0.00	0.00	1.20	3.10	1.20	-1.00	0.00	0.00	-8.48	802.00	
177.00	240564.90	17.16	1.50	2.10	41.33	-1.64	-1.41	0.00	0.00	1.20	3.01	1.10	-1.00	0.00	0.00	-11.44	1204.90	
178.00	241128.60	12.14	2.70	2.10	33.13	-1.24	2.08	0.00	0.00	2.55	2.80	2.20	-1.00	0.00	0.00	-3.81	488.60	
179.00	243820.20	13.62	2.50	2.10	42.60	-0.49	-0.24	0.00	0.00	2.29	3.63	1.80	-1.00	0.00	0.00	-4.75	620.20	
180.00	243856.90	10.04	1.50	2.10	26.57	-1.02	0.79	0.00	0.00	1.33	3.24	1.30	-1.00	0.00	0.00	-6.05	656.90	
181.00	244364.80	16.46	3.10	2.10	61.36	-1.44	-0.18	0.00	0.00	2.92	3.71	2.50	-1.00	0.00	0.00	-4.50	1164.80	
182.00	244726.80	28.98	1.50	2.10	72.18	-0.81	-0.42	0.00	0.00	1.19	2.89	0.90	-1.00	0.00	0.00	-19.46	16.40	
183.00	244828.50	10.37	0.80	2.10	22.35	-1.76	0.71	0.00	0.00	0.68	2.62	0.70	-1.00	0.00	0.00	-12.13	118.10	
184.00	245542.70	12.19	1.30	2.10	24.61	-2.03	-1.91	0.00	0.00	0.93	2.52	0.60	-1.00	0.00	0.00	-10.47	64.30	
185.00	247127.60	10.81	2.00	2.10	26.88	-2.07	0.00	0.00	0.00	1.81	2.58	1.20	-1.00	0.00	0.00	-4.79	87.60	
186.00	248180.90	12.89	2.40	2.10	33.17	-1.23	-0.66	0.00	0.00	1.66	2.62	1.40	-1.00	0.00	0.00	-6.23	1140.90	
187.00	248323.30	17.54	2.10	2.10	47.78	-1.32	3.78	0.00	0.00	1.51	3.36	1.40	-1.00	0.00	0.00	-9.31	3.30	
188.00	249436.90	10.97	2.00	2.10	26.96	-1.29	-0.37	0.00	0.00	1.55	2.60	0.60	-1.00	0.00	0.00	-5.66	1116.90	
189.00	250063.10	10.18	2.70	2.10	25.97	-1.86	-0.55	0.00	0.00	2.54	0.81	0.40	-1.00	0.00	0.00	-3.21	463.10	
190.00	250289.70	12.30	2.40	2.10	39.60	-2.23	-0.99	0.00	0.00	2.22	3.97	2.00	-1.00	0.00	0.00	-4.43	689.70	
191.00	250686.50	11.21	1.60	2.10	28.71	-1.67	0.32	0.00	0.00	1.43	2.78	1.20	-1.00	0.00	0.00	-6.29	1086.50	
192.00	251230.00	10.43	2.40	2.10	33.73	-1.69	0.25	0.00	0.00	2.27	3.84	1.90	-1.00	0.00	0.00	-3.67	350.00	
193.00	251493.00	11.61	1.70	2.10	30.50	-1.28	-0.60	0.00	0.00	1.39	2.93	1.00	-1.00	0.00	0.00	-6.66	254.60	
194.00	251559.10	11.60	2.20	2.10	25.52	-1.66	1.27	0.00	0.00	2.01	1.28	0.40	-1.00	0.00	0.00	-4.61	679.10	
195.00	251704.10	10.21	2.70	2.10	32.13	-2.15	0.11	0.00	0.00	2.43	2.91	2.00	-1.00	0.00	0.00	-3.37	824.10	
196.00	252270.20	10.30	2.00	2.10	26.97	-1.16	0.47	0.00	0.00	1.77	2.70	0.70	-1.00	0.00	0.00	-4.65	110.20	
197.00	252678.50	22.68	3.30	2.10	79.54	-0.03	-0.23	0.00	0.00	2.22	3.90	1.90	-1.00	0.00	0.00	-8.16	518.50	
198.00	252870.50	10.11	2.40	2.10	24.79	-1.55	1.53	0.00	0.00	1.78	1.76	0.60	-1.00	0.00	0.00	-4.54	710.50	
199.00	253279.10	10.77	0.80	2.10	19.08	-1.79	-0.17	0.00	0.00	0.60	1.90	0.40	-1.00	0.00	0.00	-14.29	1119.10	
200.00	253638.50	10.96	3.30	2.10	35.62	-1.19	-0.52	0.00	0.00	2.72	3.15	1.80	-1.00	0.00	0.00	-3.22	96.10	
201.00	253872.80	15.99	2.30	2.10	46.88	-2.05	-0.20	0.00	0.00	2.05	3.72	1.80	-1.00	0.00	0.00	-6.25	432.80	
202.00	254445.00	12.85	2.90	2.10	39.81	-0.50	2.11	0.00	0.00	2.42	2.77	1.90	-1.00	0.00	0.00	-4.25	1005.00	
203.00	254852.90	10.30	3.80	2.10	37.23	-0.88	-0.47	0.00	0.00	3.22	3.24	2.40	-1.00	0.00	0.00	-2.56	132.90	
204.00	254876.90	12.44	3.40	2.10	43.52	-2.01	0.52	0.00	0.00	3.15	3.37	1.90	-1.00	0.00	0.00	-3.16	156.90	
205.00	255259.40	14.28	1.60	2.10	32.02	-1.64	0.38	0.00	0.00	1.44	2.53	1.10	-1.00	0.00	0.00	-7.94	539.40	
206.00	255446.20	11.30	2.60	2.10	31.04	-1.19	1.55	0.00	0.00	2.26	1.74	1.30	-1.00	0.00	0.00	-3.99	726.20	
207.00	256183.90	11.48	1.30	2.10	24.40	-0.30	-0.53	0.00	0.00	1.02	2.53	0.60	-1.00	0.00	0.00	-8.97	183.90	
208.00	257352.90	11.86	2.90	2.10	37.75	-3.30	-1.76	0.00	0.00	2.49	3.86	1.90	-1.00	0.00	0.00	-3.82	72.90	
209.00	257632.40	22.34	1.00	2.10	45.03	-3.81	-0.75	0.00	0.00	0.53	2.40	0.80	-1.00	0.00	0.00	-33.63	352.40	
210.00	257700.00	18.71	1.80	2.10	54.43	-2.30	-0.09	0.00	0.00	1.51	3.42	1.50	-1.00	0.00	0.00	-9.93	420.00	
211.00	258490.00	11.44	2.10	2.10	32.30	-1.94	-2.12	0.00	0.00	1.93	3.08	1.90	-1.00	0.00	0.00	-4.73	1210.00	
212.00	258668.20	10.61	1.90	2.10	26.35	-2.55	0.02	0.00	0.00	1.47	2.72	1.30	-1.00	0.00	0.00	-5.78	108.20	
213.00	258785.30	16.98	0.90	2.10	28.98	-2.51	-0.26	0.00	0.00	0.74	1.44	0.60	-1.00	0.00	0.00	-18.28	225.30	
214.00	259601.50	23.85	2.10	2.10	69.93	-1.21	-2.49	0.00	0.00	1.79	3.47	1.50	-1.00	0.00	0.00	-10.68	1041.50	
215.00	261456.00	18.48	1.80	2.10	50.49	-1.80	-2.45	0.00	0.00	1.62	3.36	1.40	-1.00	0.00	0.00	-9.15	336.00	
216.00	262017.00	16.85	3.20	2.10	48.56	-1.96	-0.94	0.00	0.00	3.09	2.77	0.80	-1.00	0.00	0.00	-4.36	897.00	
217.00	262798.90	12.61	1.80	2.10	29.54	-2.63	-0.92	0.00	0.00	1.12	2.88	1.00	-1.00	0.00	0.00	-9.02	398.90	
218.00	263982.50	25.35	1.70	2.10	68.63	-1.31	1.04	0.00	0.00	1.39	3.07	1.10	-1.00	0.00	0.00	-14.62	302.50	
219.00	264231.30	15.61	1.80	2.10	44.27	-3.28	-0.80	0.00	0.00	1.23	3.25	1.30	-1.00	0.00	0.00	-10.19	551.30	
220.00	264488.60	12.86	1.80	2.10	29.16	-3.42	-0.93	0.00	0.00	1.19	2.74	0.80	-1.00	0.00	0.00	-8.67	808.60	
221.00	264741.10	15.57	1.00	2.10	36.17	-2.22	-1.04	0.00	0.00	0.86	2.69	0.70	-1.00	0.00	0.00	-14.43	318.70	
222.00	265321.60	21.29	2.30	2.10	68.28	-1.72	-0.30	0.00	0.00	1.92	3.66	1.70	-1.00	0.00	0.00	-8.88	361.60	
223.00	265333.50	18.07	14.20	2.10	179.41	-1.70	-0.21	255.00	0.00	1.66	2.79	0.80	-1.00	0.00	0.00	-8.72	143.10	
224.00	265720.90	10.06	2.40	2.10	33.01	-2.22	0.77	0.00	0.00	2.16	3.68	2.20	-1.00	0.00	0.00	-3.72	760.90	
225.00	266304.40	13.54	1.00	2.10	30.85	-2.89	0.79	0.00	0.00	0.82	2.65	0.70	-1.00	0.00	0.00	-13.15	346.00	
226.00	266791.40	11.36	1.50	2.10	29.04	-2.14	-0.24	0.00	0.00	1.15	3.05	1.10	-1.00	0.00	0.00	-7.90	551.40	
227.00	266853.10	23.76	1.20	2.10	59.02	-2.97	-1.25	0.00	0.00	0.97	2.77	0.80	-1.00	0.00	0.00	-19.70	613.10	
228.00	267187.30	17.98	1.20	2.10	44.99	-2.57	2.13	0.00	0.00	1.00	2.74	0.80	-1.00	0.00	0.00	-14.32	76.90	
229.00	267301.90	19.10	1.50	2.10	49.77	-2.23	0.33	0.00	0.00	1.13	3.06	1.10	-1.00	0.00	0.00	-13.53	1061.90	
230.00	267307.00	17.48	6.60	2.10	116.87	-2.63	0.55	255.00	0.00	6.33	8.19	6.20	-1.00	0.00	0.00	-2.21	196.60	
231.00	267343.90	14.46	2.10	2.10	39.95	-2.77	-1.82	0.00	0.00	1.86	2.96	1.80	-1.00	0.00	0.00	-6.22	1103.90	
232.00	267774.90	18.52	0.80	2.10	33.39	-1.80	1.26	0.00	0.00	0.58	2.18	0.40	-1.00	0.00	0.00	-25.44	254.90	
233.00	267846.60	15.11	4.60	2.10	55.69	-2.73	1.01	0.00	0.00	4.34	3.36	2.00	-1.00	0.00	0.00	-2.79	326.60	
234.00	268100.60	16.19	3.10	2.10	52.60	-2.29	-0.45	0.00	0.00	2.02	3.68	1.70	-1.00	0.00	0.00	-6.40	580.60	
235.00	268241.60	14.91	2.10	2.10	44.83	-1.47	-1.12	0.00	0.00	1.76	3.72	1.80	-1.00	0.00	0.00	-6.76	363.20	
236.00	268545.20	11.62	1.50	2.10	29.59	-2.07	1.40	0.00	0.00	1.32	3.00	1.00	-1.00	0.00	0.00	-7.03	1025.20	
237.00	268586.40	22.12	0.90	2.10	43.80	-1.30	0.96	0.00	0.00	0.46	2.15	0.70	-1.00	0.00	0.00	-38.52	1066.40	
238.00	269077.20	12.50	1.70	2.10	33.56	-1.60	0.77	0.00	0.00	1.30	3.15	1.20	-1.00	0.00	0.00	-7.71	277.20	
239.00	269242.40	15.80	1.20	2.10	37.81	-2.09	1.76	0.00	0.00	0.97	2.56	0.60	-1.00	0.00	0.00	-13.06	442.40	
240.00	269349.00	10.89	0.60	2.10	21.49	-2.08	1.75	0.00	0.00	0.47	2.38	0.40	-1.00	0.00	0.00	-18.39	549.00	
241.00	269569.10	19.97	1.10	2.10	40.84	-1.73	-1.14	0.00	0.00	0.51	2.32	0.70	-1.00	0.00	0.00	-31.21	769.10	
242.00	270898.00	13.72	3.20	2.10	55.37	-1.47	0.86	0.00	0.00	2.73	4.69	2.70	-1.00	0.00	0.00	-4.02	818.00	
243.00	271162.00	19.07	1.60	2.10	46.26	-2.12	1.08	0.00	0.00	1.15	3.12	1.20	-1.00	0.00	0.00	-13.32	1082.00	
244.00	271282.00	10.87	2.00	2.10	27.00	-2.91	1.14	0.00	0.00	1.83	2.64	0.70	-1.00	0.00	0.00	-4.75	331.60	
245.00	271818.20	12.45	1.70	2.10	35.39	-2.76	-0.08	0.00	0.00	1.56	2.71	1.60	-1.00	0.00	0.00	-6.39	458.20	
246.00	272094.30	11.71	1.80	2.10	32.23	-2.90	-0.75	0.00	0.00	1.60	3.46	1.50	-1.00	0.00	0.00	-5.87	734.30	
247.00	272171.10	15.48	2.60	2.10	45.49	-2.01	0.67	0.00	0.00	1.87	3.51	1.60	-1.00	0.00	0.00	-6.62	811.10	
248.00	272796.60	11.30	2.00	2.10	30.26	-1.61	-0.96	0.00	0.00	1.75	3.23	1.30	-1.00	0.00	0.00	-5.17	156.60	
249.00	273222.00	16.64	1.60	2.10	45.16	-2.42	0.70	0.00	0.00	1.31	3.15	1.20	-1.00	0.00	0.00	-10.13	582.00	
250.00	273237.50	13.90	1.30	2.10	31.87	-4.74	-0.42	0.00	0.00	1.08	2.66	1.00	-1.00	0.00	0.00	-10.33	597.50	
251.00	273356.60	20.55	1.90	2.10	52.81	-2.26	-1.00	0.00	0.00	1.20	2.83	0.90	-1.00	0.00	0.00	-13.67	716.60	
252.00	273738.40	16.22	1.00	2.10	35.30	-2.75	-0.13	0.00	0.00	0.78	2.56	0.60	-1.00	0.00	0.00	-16.61	1098.40	
253.00	273802.10	12.29	3.00	2.10	40.42	-3.14	-1.76	0.00	0.00	2.80	3.52	2.50	-1.00	0.00	0.00	-3.52	1162.10	
254.00	274083.10	18.28	2.60	2.10	59.92	-2.63	-0.21	0.00	0.00	1.46	3.80	2.00	-1.00	0.00	0.00	-10.05	163.10	
255.00	274297.30	22.30	0.90	2.10	43.36	-2.77	-1.04	0.00	0.00	0.62	2.53	0.70	-1.00	0.00	0.00	-28.62	377.30	
256.00	274341.00	10.73	2.30	2.10	33.16	-2.87	-0.77	0.00	0.00	2.04	3.41	1.50	-1.00	0.00	0.00	-4.20	421.00	
257.00	275032.70	14.35	1.10	2.10	32.96	-3.56	2.59	0.00	0.00	0.91	2.56	0.70	-1.00	0.00	0.00	-12.63	1112.70	
258.00	277019.30	13.26	2.10	2.10	39.43	-1.99	0.99	0.00	0.00	1.76	3.58	1.60	-1.00	0.00	0.00	-6.01	539.30	
259.00	278643.50	11.19	2.40	2.10	33.80	-4.36	0.90	0.00	0.00	2.21	3.50	1.60	-1.00	0.00	0.00	-4.05	883.50	
260.00	279589.00	11.87	3.30	2.10	38.58	-2.44	-0.26	0.00	0.00	1.78	3.69	1.70	-1.00	0.00	0.00	-5.35	549.00	
261.00	279956.30	20.62	2.20	2.10	64.32	-3.11	-0.19	0.00	0.00	1.87	3.62	1.70	-1.00	0.00	0.00	-8.82	916.30	
262.00	280348.80	13.81	2.00	2.10	38.71	-2.64	1.30	0.00	0.00	1.56	3.38	1.40	-1.00	0.00	0.00	-7.07	28.80	
263.00	280420.80	12.54	2.70	2.10	37.31	-3.35	-1.76	0.00	0.00	2.50	2.93	2.00	-1.00	0.00	0.00	-4.01	100.80	
264.00	281241.60	15.08	1.10	2.10	32.42	-4.43	0.95	0.00	0.00	0.90	2.65	0.70	-1.00	0.00	0.00	-13.42	921.60	
265.00	282760.10	15.72	2.50	2.10	49.86	-3.28	0.01	0.00	0.00	2.00	3.91	2.00	-1.00	0.00	0.00	-6.28	1160.10	
266.00	283782.00	11.57	1.30	2.10	24.36	-3.42	-0.93	0.00	0.00	1.14	2.48	1.00	-1.00	0.00	0.00	-8.13	902.00	
267.00	285619.50	20.86	2.70	2.10	70.33	-3.84	-1.76	0.00	0.00	2.38	4.12	2.20	-1.00	0.00	0.00	-7.00	179.50	
268.00	286190.10	17.52	2.30	2.10	51.23	-3.05	1.70	0.00	0.00	1.37	3.19	1.50	-1.00	0.00	0.00	-10.26	750.10	
269.00	286347.10	20.07	2.60	2.10	54.72	-2.79	-0.35	0.00	0.00	1.66	3.05	1.20	-1.00	0.00	0.00	-9.70	907.10	
270.00	287192.40	15.91	2.80	2.10	50.57	-2.73	-1.04	0.00	0.00	2.26	3.29	2.10	-1.00	0.00	0.00	-5.62	472.40	
271.00	289733.90	12.27	2.20	2.10	32.35	-3.55	-1.83	0.00	0.00	1.62	2.89	1.40	-1.00	0.00	0.00	-6.05	453.90	
272.00	290770.60	17.28	3.10	2.10	59.83	-4.08	-1.70	0.00	0.00	2.78	3.97	2.00	-1.00	0.00	0.00	-4.97	210.60	
273.00	290836.10	16.32	1.50	2.10	38.80	-3.91	1.90	0.00	0.00	1.11	2.76	0.90	-1.00	0.00	0.00	-11.78	276.10	
274.00	291363.30	11.99	3.30	2.10	36.80	-3.06	-0.27	0.00	0.00	2.58	3.66	1.70	-1.00	0.00	0.00	-3.73	803.30	
275.00	292090.50	11.30	1.20	2.10	26.79	-1.41	-1.24	0.00	0.00	0.93	2.83	0.90	-1.00	0.00	0.00	-9.75	250.50	
276.00	292254.80	11.12	2.20	2.10	33.22	-2.84	0.87	0.00	0.00	2.04	3.86	1.90	-1.00	0.00	0.00	-4.35	414.80	
277.00	292835.30	14.83	2.60	2.10	46.38	-1.70	0.89	0.00	0.00	1.97	3.65	1.70	-1.00	0.00	0.00	-6.03	995.30	
278.00	293170.20	12.24	1.40	2.10	30.56	-2.28	0.10	0.00	0.00	1.20	2.74	0.80	-1.00	0.00	0.00	-8.19	50.20	
279.00	293337.50	15.24	1.50	2.10	37.16	-1.14	0.27	0.00	0.00	1.26	2.88	0.90	-1.00	0.00	0.00	-9.69	217.50	
280.00	293801.80	11.26	2.80	2.10	32.06	-1.87	0.52	0.00	0.00	1.54	3.20	1.30	-1.00	0.00	0.00	-5.83	681.80	
281.00	294656.30	17.76	2.00	2.10	52.76	-3.59	1.90	0.00	0.00	1.14	3.56	1.60	-1.00	0.00	0.00	-12.44	256.30	
282.00	295609.10	10.01	2.60	2.10	26.96	-2.57	0.91	0.00	0.00	2.31	2.03	1.80	-1.00	0.00	0.00	-3.47	1209.10	
283.00	297925.60	13.65	3.00	2.10	47.11	-4.24	-1.82	0.00	0.00	2.36	3.77	1.80	-1.00	0.00	0.00	-4.64	965.60	
284.00	299062.80	14.32	1.70	2.10	39.71	-3.47	-2.04	0.00	0.00	1.33	3.30	1.40	-1.00	0.00	0.00	-8.60	822.80	
285.00	299962.20	11.85	3.10	2.10	29.49	-1.90	0.30	0.00	0.00	2.98	0.68	0.40	-1.00	0.00	0.00	-3.18	442.20	
286.00	300162.70	12.89	2.80	2.10	33.15	-2.02	0.15	0.00	0.00	1.33	2.74	1.00	-1.00	0.00	0.00	-7.77	642.70	
287.00	301663.10	13.40	2.30	2.10	32.48	-3.19	-1.07	0.00	0.00	1.55	3.00	1.20	-1.00	0.00	0.00	-6.92	863.10	
288.00	301802.10	17.55	1.90	2.10	37.67	-3.96	1.26	0.00	0.00	1.34	2.52	1.00	-1.00	0.00	0.00	-10.48	1002.10	
289.00	302515.60	15.69	1.30	2.10	35.28	-4.53	2.09	0.00	0.00	1.14	2.91	1.00	-1.00	0.00	0.00	-11.01	435.60	
290.00	302526.20	10.36	1.40	2.10	20.84	-4.08	-0.17	255.00	0.00	1.29	1.35	1.10	-1.00	0.00	0.00	-6.43	87.80	
291.00	303090.50	11.14	1.30	2.10	23.33	-3.22	1.00	0.00	0.00	1.06	1.46	0.90	-1.00	0.00	0.00	-8.44	1010.50	
292.00	304593.50	11.87	1.30	2.10	23.03	-3.68	-0.70	0.00	0.00	0.76	1.50	0.70	-1.00	0.00	0.00	-12.43	1233.50	
293.00	304910.50	12.26	1.50	2.10	28.92	-3.84	1.29	0.00	0.00	1.29	2.78	0.80	-1.00	0.00	0.00	-7.62	270.50	
294.00	305463.60	18.67	2.00	2.10	57.95	-2.49	-0.52	0.00	0.00	1.56	3.65	1.70	-1.00	0.00	0.00	-9.55	823.60	
295.00	309140.80	12.48	2.60	2.10	34.56	-3.49	0.30	0.00	0.00	2.38	3.28	1.30	-1.00	0.00	0.00	-4.19	660.80	
296.00	310686.60	16.63	1.60	2.10	45.61	-4.13	0.64	0.00	0.00	1.32	3.14	1.20	-1.00	0.00	0.00	-10.08	926.60	
297.00	311075.40	11.97	2.20	2.10	35.93	-4.80	-1.99	0.00	0.00	1.99	3.65	1.70	-1.00	0.00	0.00	-4.82	35.40	
298.00	312560.80	11.54	2.70	2.10	36.94	-3.11	0.44	0.00	0.00	2.43	3.23	2.30	-1.00	0.00	0.00	-3.80	240.80	
299.00	312647.20	14.49	1.60	2.10	37.96	-4.84	-1.48	0.00	0.00	1.37	3.13	1.20	-1.00	0.00	0.00	-8.45	327.20	
300.00	312876.20	23.07	2.80	2.10	67.52	-2.99	-1.07	0.00	0.00	1.26	3.52	1.60	-1.00	0.00	0.00	-14.59	556.20	
301.00	313475.20	13.24	0.90	2.10	21.48	-3.57	-0.42	0.00	0.00	0.48	1.56	0.40	-1.00	0.00	0.00	-21.94	1155.20	
302.00	314857.50	16.21	2.30	2.10	52.13	-2.93	0.55	0.00	0.00	2.14	3.78	1.80	-1.00	0.00	0.00	-6.07	1257.50	
303.00	314882.50	12.71	2.60	2.10	33.50	-4.91	0.03	0.00	0.00	1.53	3.12	1.20	-1.00	0.00	0.00	-6.66	2.50	
304.00	314966.60	14.36	1.90	2.10	39.00	-3.49	-1.16	0.00	0.00	1.67	2.98	1.00	-1.00	0.00	0.00	-6.87	86.60	
305.00	316080.40	19.65	1.70	2.10	53.10	-4.52	0.54	0.00	0.00	1.36	3.02	1.10	-1.00	0.00	0.00	-11.56	1200.40	
306.00	316764.50	13.25	3.50	2.10	40.44	-3.88	1.23	0.00	0.00	2.37	2.50	1.80	-1.00	0.00	0.00	-4.48	604.50	
307.00	316949.40	11.27	2.10	2.10	27.81	-3.67	0.69	0.00	0.00	1.97	2.30	1.30	-1.00	0.00	0.00	-4.57	789.40	
308.00	317438.90	15.32	1.50	2.10	37.13	-4.69	0.66	0.00	0.00	1.23	2.97	1.00	-1.00	0.00	0.00	-9.96	1278.90	
309.00	317439.60	13.41	2.20	2.10	42.39	-4.86	-1.13	0.00	0.00	1.93	3.70	1.70	-1.00	0.00	0.00	-5.57	-0.40	
310.00	318088.20	12.44	1.60	2.10	31.73	-2.80	-0.41	0.00	0.00	1.27	2.99	1.00	-1.00	0.00	0.00	-7.85	648.20	
311.00	318846.90	14.15	2.50	2.10	40.83	-3.28	0.57	0.00	0.00	2.14	3.06	2.00	-1.00	0.00	0.00	-5.30	126.90	
312.00	319044.80	10.46	4.00	2.10	47.76	-3.86	-1.95	0.00	0.00	3.70	5.43	3.50	-1.00	0.00	0.00	-2.26	324.80	
313.00	319575.10	13.05	2.20	2.10	36.81	-3.72	-1.29	0.00	0.00	2.08	3.44	1.50	-1.00	0.00	0.00	-5.03	855.10	
314.00	319877.50	10.44	3.70	2.10	37.39	-3.24	-1.14	0.00	0.00	3.49	3.13	2.70	-1.00	0.00	0.00	-2.40	1157.50	
315.00	320173.90	10.40	2.00	2.10	26.22	-4.58	1.33	0.00	0.00	1.88	2.83	1.30	-1.00	0.00	0.00	-4.43	173.90	
316.00	320340.60	18.12	2.30	2.10	58.30	-3.78	-0.09	0.00	0.00	2.01	3.81	1.90	-1.00	0.00	0.00	-7.22	340.60	
317.00	321030.10	12.80	1.80	2.10	28.21	-3.72	-2.00	0.00	0.00	1.43	2.14	1.00	-1.00	0.00	0.00	-7.15	1030.10	
318.00	321199.70	10.40	2.20	2.10	32.59	-3.75	-0.85	0.00	0.00	2.04	3.77	1.80	-1.00	0.00	0.00	-4.08	1199.70	
319.00	321409.80	12.44	1.70	2.10	32.89	-3.10	0.62	0.00	0.00	1.53	3.47	1.50	-1.00	0.00	0.00	-6.49	129.80	
320.00	322469.60	14.17	3.30	2.10	47.29	-2.91	0.19	0.00	0.00	2.31	3.83	2.00	-1.00	0.00	0.00	-4.90	1189.60	
321.00	323129.80	21.83	3.60	2.10	65.50	-4.51	0.67	0.00	0.00	1.98	3.33	1.40	-1.00	0.00	0.00	-8.80	569.80	
322.00	323155.30	12.03	2.80	2.10	33.75	-4.88	1.05	0.00	0.00	1.47	3.26	1.30	-1.00	0.00	0.00	-6.54	364.90	
323.00	323271.30	14.07	3.30	2.10	49.57	-3.52	1.40	0.00	0.00	3.13	3.99	2.70	-1.00	0.00	0.00	-3.60	711.30	
324.00	323447.40	11.48	2.00	2.10	29.07	-4.62	0.04	0.00	0.00	1.82	2.05	1.10	-1.00	0.00	0.00	-5.05	887.40	
325.00	323734.70	15.76	1.90	2.10	40.60	-4.75	1.78	0.00	0.00	1.64	3.15	1.20	-1.00	0.00	0.00	-7.70	1174.70	
326.00	323742.50	12.89	10.00	2.10	116.29	-3.59	0.08	255.00	0.00	9.02	3.57	1.60	-1.00	0.00	0.00	-1.14	184.10	
327.00	324382.80	10.58	3.30	2.10	39.88	-2.79	0.15	0.00	0.00	2.88	4.41	2.80	-1.00	0.00	0.00	-2.94	542.80	
328.00	324403.90	10.02	2.40	2.10	27.10	-2.89	-0.91	0.00	0.00	1.50	3.28	1.30	-1.00	0.00	0.00	-5.33	77.50	
329.00	324908.10	12.65	2.50	2.10	39.37	-4.08	2.28	0.00	0.00	1.92	3.34	1.70	-1.00	0.00	0.00	-5.27	1068.10	
330.00	325518.60	11.83	1.30	2.10	29.33	-4.36	-0.05	0.00	0.00	0.83	3.12	1.20	-1.00	0.00	0.00	-11.47	398.60	
331.00	326055.50	21.22	1.60	2.10	55.32	-3.13	0.24	0.00	0.00	1.06	2.92	1.00	-1.00	0.00	0.00	-16.06	935.50	
332.00	327010.30	15.77	1.80	2.10	42.91	-3.67	1.00	0.00	0.00	1.10	3.14	1.20	-1.00	0.00	0.00	-11.44	610.30	
333.00	327181.90	22.12	1.50	2.10	52.62	-4.26	0.49	0.00	0.00	1.25	2.92	1.00	-1.00	0.00	0.00	-14.12	781.90	
334.00	330248.70	15.28	3.40	2.10	57.77	-3.56	0.45	0.00	0.00	3.17	4.03	2.70	-1.00	0.00	0.00	-3.86	8.70	
335.00	330340.60	11.71	2.50	2.10	30.12	-2.59	0.21	0.00	0.00	2.28	2.83	1.40	-1.00	0.00	0.00	-4.10	100.60	
336.00	331346.40	12.92	1.70	2.10	32.96	-3.69	-0.84	0.00	0.00	1.35	3.07	1.10	-1.00	0.00	0.00	-7.63	1106.40	
337.00	331386.00	20.66	1.50	2.10	49.43	-3.58	0.33	0.00	0.00	1.00	2.64	0.70	-1.00	0.00	0.00	-16.46	1146.00	
338.00	332225.80	16.99	3.00	2.10	45.30	-3.38	-0.51	0.00	0.00	1.49	3.03	1.10	-1.00	0.00	0.00	-9.11	705.80	
339.00	333143.90	17.26	2.30	2.10	41.32	-2.67	-0.21	0.00	0.00	1.89	2.86	0.90	-1.00	0.00	0.00	-7.32	343.90	
340.00	333339.70	10.21	1.50	2.10	23.17	-3.71	-1.87	0.00	0.00	1.11	2.55	0.60	-1.00	0.00	0.00	-7.34	539.70	
341.00	333470.50	11.88	3.60	2.10	41.05	-3.07	1.58	0.00	0.00	3.40	3.45	2.70	-1.00	0.00	0.00	-2.80	670.50	
342.00	333612.90	20.18	1.80	2.10	55.76	-3.65	-0.67	0.00	0.00	1.52	3.34	1.40	-1.00	0.00	0.00	-10.64	812.90	
343.00	334650.10	15.02	1.00	2.10	30.70	-4.25	0.17	0.00	0.00	0.88	2.59	0.60	-1.00	0.00	0.00	-13.68	570.10	
344.00	335741.50	17.39	2.80	2.10	57.53	-3.56	-0.11	0.00	0.00	1.61	3.80	1.90	-1.00	0.00	0.00	-8.62	381.50	
345.00	335943.80	10.91	1.70	2.10	29.57	-3.97	-0.07	0.00	0.00	1.46	3.23	1.40	-1.00	0.00	0.00	-5.99	583.80	
346.00	336065.20	13.32	1.90	2.10	34.37	-3.00	0.07	0.00	0.00	1.73	2.72	1.30	-1.00	0.00	0.00	-6.16	705.20	
347.00	336320.70	15.67	2.10	2.10	39.74	-3.93	-0.24	0.00	0.00	1.42	3.15	1.20	-1.00	0.00	0.00	-8.85	960.70	
348.00	336841.80	16.18	1.60	2.10	40.94	-7.39	-0.39	0.00	0.00	1.31	3.05	1.10	-1.00	0.00	0.00	-9.90	201.80	
349.00	338665.50	11.52	1.20	2.10	24.50	-5.57	0.12	0.00	0.00	1.11	2.26	0.30	-1.00	0.00	0.00	-8.32	745.50	
350.00	338672.60	12.92	8.30	2.10	78.03	-5.58	0.08	255.00	0.00	8.07	2.42	1.40	-1.00	0.00	0.00	-1.28	138.20	
351.00	338719.30	12.28	1.70	2.10	31.52	-5.24	0.89	0.00	0.00	1.42	3.14	1.20	-1.00	0.00	0.00	-6.91	799.30	
352.00	338768.90	13.88	2.90	2.10	46.57	-5.18	1.99	0.00	0.00	2.49	3.95	2.10	-1.00	0.00	0.00	-4.46	848.90	
353.00	339850.80	17.10	2.20	2.10	43.04	-5.44	-0.03	0.00	0.00	1.48	2.91	1.20	-1.00	0.00	0.00	-9.24	650.80	
354.00	340419.90	13.03	2.20	2.10	37.81	-6.28	3.20	0.00	0.00	1.93	3.32	1.70	-1.00	0.00	0.00	-5.40	1219.90	
355.00	340657.30	11.61	2.80	2.10	32.99	-4.12	-1.47	0.00	0.00	2.63	3.64	2.50	-1.00	0.00	0.00	-3.53	177.30	
356.00	340730.10	13.41	2.00	2.10	36.82	-3.19	-1.70	0.00	0.00	0.93	3.06	1.10	-1.00	0.00	0.00	-11.58	250.10	
357.00	341369.70	13.89	2.20	2.10	43.75	-4.79	-0.38	0.00	0.00	1.92	3.72	1.80	-1.00	0.00	0.00	-5.80	147.30	
358.00	341586.00	22.71	1.90	2.10	58.26	-4.74	-1.40	0.00	0.00	1.40	3.06	1.10	-1.00	0.00	0.00	-12.97	1106.00	
359.00	341856.90	10.83	3.70	2.10	33.79	-5.47	2.00	0.00	0.00	2.79	2.98	2.10	-1.00	0.00	0.00	-3.10	96.90	
360.00	341909.70	10.70	2.70	2.10	27.03	-5.22	-0.30	0.00	0.00	1.67	1.96	1.40	-1.00	0.00	0.00	-5.11	149.70	
361.00	341925.10	15.40	1.20	2.10	35.32	-5.55	-1.36	0.00	0.00	0.92	2.50	0.50	-1.00	0.00	0.00	-13.43	165.10	
362.00	342825.40	28.94	2.00	2.10	88.38	-5.46	-1.06	0.00	0.00	1.04	3.36	1.40	-1.00	0.00	0.00	-22.20	1065.40	
363.00	343412.10	17.45	1.60	2.10	38.14	-4.65	-2.59	0.00	0.00	1.06	2.63	0.70	-1.00	0.00	0.00	-13.22	372.10	
364.00	343515.50	11.03	1.50	2.10	22.66	-5.70	0.61	0.00	0.00	1.04	1.92	0.80	-1.00	0.00	0.00	-8.45	475.50	
365.00	343873.00	11.70	2.00	2.10	31.84	-5.01	0.02	0.00	0.00	1.33	2.73	1.40	-1.00	0.00	0.00	-7.06	833.00	
366.00	344046.10	14.81	3.00	2.10	52.21	-4.52	0.04	0.00	0.00	2.57	4.20	2.30	-1.00	0.00	0.00	-4.61	1006.10	
367.00	344177.30	13.80	4.20	2.10	51.61	-5.97	1.77	0.00	0.00	3.09	3.96	2.00	-1.00	0.00	0.00	-3.57	1137.30	
368.00	345563.90	10.63	1.80	2.10	25.51	-6.17	0.28	0.00	0.00	1.62	1.79	0.80	-1.00	0.00	0.00	-5.26	1243.90	
369.00	346127.80	13.92	2.20	2.10	39.70	-5.25	0.41	0.00	0.00	1.80	3.15	1.20	-1.00	0.00	0.00	-6.18	527.80	
370.00	348366.20	16.28	1.70	2.10	44.17	-5.01	-0.93	0.00	0.00	1.41	3.27	1.30	-1.00	0.00	0.00	-9.23	206.20	
371.00	348835.10	11.84	2.40	2.10	30.18	-4.41	-1.18	0.00	0.00	1.87	2.76	1.40	-1.00	0.00	0.00	-5.06	675.10	
372.00	349036.00	10.55	1.40	2.10	25.17	-4.40	-0.97	0.00	0.00	1.04	2.84	0.90	-1.00	0.00	0.00	-8.11	876.00	
373.00	349192.50	10.91	2.70	2.10	38.32	-4.14	1.39	0.00	0.00	2.52	4.33	2.40	-1.00	0.00	0.00	-3.47	1032.50	
374.00	349549.60	11.01	1.40	2.10	24.63	-5.07	0.08	0.00	0.00	1.27	2.79	0.80	-1.00	0.00	0.00	-6.91	109.60	
375.00	350169.50	13.54	1.40	2.10	32.25	-4.78	-0.33	0.00	0.00	1.08	2.63	0.70	-1.00	0.00	0.00	-10.01	729.50	
376.00	350939.40	12.66	2.30	2.10	40.90	-3.63	-1.03	0.00	0.00	1.95	3.42	1.50	-1.00	0.00	0.00	-5.19	117.00	
377.00	351345.80	12.14	2.20	2.10	34.50	-7.94	0.83	0.00	0.00	1.94	3.29	1.80	-1.00	0.00	0.00	-5.00	625.80	
378.00	353520.30	13.82	2.90	2.10	47.70	-2.97	0.82	0.00	0.00	2.17	4.00	2.00	-1.00	0.00	0.00	-5.10	240.30	
379.00	353982.70	11.68	1.20	2.10	26.93	-5.79	0.62	0.00	0.00	0.80	2.72	0.80	-1.00	0.00	0.00	-11.72	702.70	
380.00	354008.00	17.60	2.10	2.10	48.02	-5.75	-0.62	0.00	0.00	1.32	3.04	1.10	-1.00	0.00	0.00	-10.63	113.60	
381.00	355423.60	21.21	2.50	2.10	67.35	-5.43	0.56	0.00	0.00	1.68	3.82	2.00	-1.00	0.00	0.00	-10.11	863.60	
382.00	355706.30	16.02	1.30	2.10	37.85	-5.31	1.52	0.00	0.00	1.10	2.76	0.80	-1.00	0.00	0.00	-11.65	1146.30	
383.00	355922.20	16.89	1.90	2.10	48.33	-5.57	0.82	0.00	0.00	1.66	3.33	1.40	-1.00	0.00	0.00	-8.13	82.20	
384.00	356372.90	11.10	1.50	2.10	22.58	-5.13	0.78	0.00	0.00	0.96	1.66	0.90	-1.00	0.00	0.00	-9.28	532.90	
385.00	357486.90	13.60	1.90	2.10	35.38	-6.89	-0.93	0.00	0.00	1.61	2.73	1.40	-1.00	0.00	0.00	-6.74	366.90	
386.00	358346.50	15.16	3.00	2.10	37.83	-4.97	-0.27	0.00	0.00	1.27	2.63	1.00	-1.00	0.00	0.00	-9.58	1226.50	
387.00	359215.60	13.03	3.30	2.10	42.73	-6.50	-0.52	0.00	0.00	2.59	3.96	2.00	-1.00	0.00	0.00	-4.03	815.60	
388.00	359271.10	20.31	2.80	2.10	65.72	-5.03	0.98	0.00	0.00	2.32	3.99	2.00	-1.00	0.00	0.00	-7.02	871.10	
389.00	359586.80	12.70	1.50	2.10	25.57	-6.02	0.15	0.00	0.00	0.93	1.85	0.60	-1.00	0.00	0.00	-10.88	1186.80	
390.00	360112.60	10.91	1.40	2.10	26.62	-4.65	-0.99	0.00	0.00	1.15	2.78	0.80	-1.00	0.00	0.00	-7.56	432.60	
391.00	363150.20	19.29	1.60	2.10	53.06	-6.56	0.85	0.00	0.00	1.25	3.07	1.10	-1.00	0.00	0.00	-12.35	910.20	
392.00	363364.80	15.32	3.40	2.10	51.80	-5.20	-1.97	0.00	0.00	2.47	4.12	2.20	-1.00	0.00	0.00	-4.96	1124.80	
393.00	364661.80	13.04	2.60	2.10	36.62	-5.33	-0.44	0.00	0.00	2.08	3.41	1.50	-1.00	0.00	0.00	-5.02	1141.80	
394.00	364827.70	11.10	1.10	2.10	26.79	-6.08	1.73	0.00	0.00	0.90	2.63	0.70	-1.00	0.00	0.00	-9.87	27.70	
395.00	365703.90	12.17	1.90	2.10	31.69	-6.66	-0.85	0.00	0.00	1.68	3.35	1.40	-1.00	0.00	0.00	-5.81	903.90	
396.00	365831.90	13.04	1.80	2.10	30.79	-5.97	1.20	0.00	0.00	1.15	2.66	0.70	-1.00	0.00	0.00	-9.08	1031.90	
397.00	365983.90	11.57	1.80	2.10	27.18	-5.04	1.15	0.00	0.00	1.23	2.25	0.90	-1.00	0.00	0.00	-7.51	1183.90	
398.00	367140.20	11.76	1.50	2.10	28.23	-6.24	0.37	0.00	0.00	1.27	2.48	1.00	-1.00	0.00	0.00	-7.41	1060.20	
399.00	367666.40	14.66	2.00	2.10	38.88	-5.95	-0.58	0.00	0.00	1.14	3.01	1.10	-1.00	0.00	0.00	-10.29	306.40	
400.00	367899.80	13.80	1.40	2.10	36.45	-5.31	-0.67	0.00	0.00	1.23	2.90	0.90	-1.00	0.00	0.00	-8.94	539.80	
401.00	368276.90	10.47	2.60	2.10	28.99	-4.92	-0.67	0.00	0.00	2.39	2.14	1.70	-1.00	0.00	0.00	-3.51	916.90	
402.00	369411.20	12.32	3.40	2.10	36.47	-4.90	0.56	0.00	0.00	2.25	3.63	1.80	-1.00	0.00	0.00	-4.38	771.20	
403.00	370109.20	10.66	2.20	2.10	30.20	-5.34	-1.11	0.00	0.00	2.04	3.10	1.20	-1.00	0.00	0.00	-4.17	189.20	
404.00	370134.60	10.02	2.40	2.10	28.57	-7.05	0.60	0.00	0.00	1.79	3.39	1.40	-1.00	0.00	0.00	-4.47	214.60	
405.00	370182.20	10.51	1.70	2.10	24.94	-7.40	1.59	0.00	0.00	1.49	2.31	1.00	-1.00	0.00	0.00	-5.64	262.20	
406.00	370324.90	14.13	2.20	2.10	42.57	-6.53	-0.31	0.00	0.00	1.95	3.65	1.70	-1.00	0.00	0.00	-5.78	404.90	
407.00	370681.70	16.32	1.60	2.10	42.04	-6.08	-0.96	0.00	0.00	1.35	3.07	1.10	-1.00	0.00	0.00	-9.65	761.70	
408.00	370803.90	14.15	2.60	2.10	45.36	-7.77	1.30	0.00	0.00	2.43	3.94	2.00	-1.00	0.00	0.00	-4.66	883.90	
409.00	370943.90	10.39	2.20	2.10	28.97	-7.73	-0.47	0.00	0.00	1.40	2.54	1.60	-1.00	0.00	0.00	-5.93	1023.90	
410.00	371967.20	13.06	1.80	2.10	35.95	-5.42	1.43	0.00	0.00	1.61	3.52	1.60	-1.00	0.00	0.00	-6.49	767.20	
411.00	372308.70	11.04	1.80	2.10	25.94	-6.68	-0.04	0.00	0.00	1.58	2.60	0.90	-1.00	0.00	0.00	-5.59	1108.70	
412.00	372554.80	11.01	1.40	2.10	20.73	-6.25	-1.09	0.00	0.00	1.22	1.94	0.60	-1.00	0.00	0.00	-7.20	74.80	
413.00	372921.40	19.46	3.30	2.10	67.65	-5.71	-0.33	0.00	0.00	2.46	4.16	2.20	-1.00	0.00	0.00	-6.34	441.40	
414.00	372999.40	11.36	0.90	2.10	23.53	-6.26	-0.35	0.00	0.00	0.75	1.91	0.80	-1.00	0.00	0.00	-12.05	519.40	
415.00	373590.20	11.19	2.80	2.10	38.69	-5.86	-0.28	0.00	0.00	2.46	4.10	2.10	-1.00	0.00	0.00	-3.64	1110.20	
416.00	373638.70	15.06	1.90	2.10	33.81	-4.55	-0.63	0.00	0.00	1.63	2.82	1.10	-1.00	0.00	0.00	-7.39	1158.70	
417.00	373654.20	12.10	1.00	2.10	26.68	-5.41	-0.07	0.00	0.00	0.90	2.76	0.80	-1.00	0.00	0.00	-10.81	175.80	
418.00	374056.30	10.35	1.50	2.10	24.13	-6.18	1.60	0.00	0.00	1.24	2.45	1.00	-1.00	0.00	0.00	-6.67	296.30	
419.00	374251.10	10.37	1.70	2.10	26.71	-6.93	-0.35	0.00	0.00	1.54	2.95	1.30	-1.00	0.00	0.00	-5.38	491.10	
420.00	374376.00	10.08	1.80	2.10	24.43	-6.38	0.20	0.00	0.00	1.54	1.78	0.90	-1.00	0.00	0.00	-5.24	616.00	
421.00	374728.70	16.38	1.90	2.10	49.76	-5.47	1.24	0.00	0.00	1.20	3.43	1.50	-1.00	0.00	0.00	-10.90	98.30	
422.00	375172.00	11.79	1.00	2.10	26.48	-6.03	1.40	0.00	0.00	0.70	2.81	0.90	-1.00	0.00	0.00	-13.52	132.00	
423.00	375203.10	11.20	2.10	2.10	25.47	-6.60	-1.74	0.00	0.00	1.15	2.61	0.70	-1.00	0.00	0.00	-7.79	163.10	
424.00	375361.70	10.43	1.20	2.10	24.56	-5.65	1.38	0.00	0.00	1.06	2.90	0.90	-1.00	0.00	0.00	-7.88	321.70	
425.00	375528.40	12.00	2.70	2.10	28.98	-6.13	1.48	0.00	0.00	1.52	2.50	0.60	-1.00	0.00	0.00	-6.32	488.40	
426.00	375856.20	11.89	3.00	2.10	40.75	-5.49	0.13	0.00	0.00	2.53	4.14	2.20	-1.00	0.00	0.00	-3.76	73.80	
427.00	376409.10	11.31	2.10	2.10	31.80	-5.50	0.25	0.00	0.00	1.32	3.23	1.30	-1.00	0.00	0.00	-6.87	114.70	
428.00	376513.30	14.57	1.90	2.10	40.72	-7.80	1.06	0.00	0.00	1.50	3.23	1.30	-1.00	0.00	0.00	-7.78	193.30	
429.00	377359.90	20.20	2.10	2.10	58.15	-5.77	0.82	0.00	0.00	1.73	3.36	1.40	-1.00	0.00	0.00	-9.35	1039.90	
430.00	377383.80	18.48	2.90	2.10	53.66	-5.78	-0.74	0.00	0.00	1.12	3.02	1.10	-1.00	0.00	0.00	-13.22	65.40	
431.00	379001.90	12.35	2.40	2.10	36.21	-5.55	-1.58	0.00	0.00	2.14	3.25	1.70	-1.00	0.00	0.00	-4.63	121.90	
432.00	379532.00	17.00	1.60	2.10	40.47	-5.95	1.76	0.00	0.00	1.13	2.64	0.80	-1.00	0.00	0.00	-12.04	652.00	
433.00	379900.60	18.32	2.00	2.10	57.33	-6.16	1.84	0.00	0.00	1.21	3.43	1.50	-1.00	0.00	0.00	-12.07	1020.60	
434.00	380970.30	18.23	1.90	2.10	51.84	-6.23	-0.70	0.00	0.00	1.70	3.39	1.40	-1.00	0.00	0.00	-8.60	810.30	
435.00	381100.30	14.56	2.20	2.10	41.87	-6.95	0.30	0.00	0.00	1.82	3.16	1.70	-1.00	0.00	0.00	-6.39	940.30	
436.00	381546.80	10.61	3.60	2.10	39.91	-6.32	1.03	0.00	0.00	3.31	3.64	2.70	-1.00	0.00	0.00	-2.56	106.80	
437.00	382280.90	12.40	1.80	2.10	33.28	-6.89	-0.48	0.00	0.00	1.51	3.25	1.30	-1.00	0.00	0.00	-6.57	840.90	
438.00	382370.90	13.03	2.60	2.10	40.20	-8.26	-0.80	0.00	0.00	2.34	3.91	2.00	-1.00	0.00	0.00	-4.45	60.50	
439.00	383182.70	18.71	4.30	2.10	56.30	-6.11	1.42	0.00	0.00	1.72	3.09	1.10	-1.00	0.00	0.00	-8.71	462.70	
440.00	383729.10	12.91	1.90	2.10	39.45	-6.56	0.30	0.00	0.00	1.22	3.57	1.60	-1.00	0.00	0.00	-8.49	1009.10	
441.00	383770.80	13.37	2.30	2.10	37.32	-5.98	0.14	0.00	0.00	2.11	3.53	1.60	-1.00	0.00	0.00	-5.07	1050.80	
442.00	384804.90	18.37	2.80	2.10	54.27	-6.59	2.44	0.00	0.00	1.29	3.38	1.40	-1.00	0.00	0.00	-11.41	804.90	
443.00	385037.40	22.00	1.90	2.10	63.17	-6.35	0.74	0.00	0.00	1.16	3.36	1.40	-1.00	0.00	0.00	-15.23	1037.40	
444.00	385082.60	11.29	1.70	2.10	27.86	-6.07	-0.57	0.00	0.00	0.92	2.81	0.90	-1.00	0.00	0.00	-9.80	1082.60	
445.00	385854.20	12.13	1.90	2.10	29.41	-6.50	0.62	0.00	0.00	1.63	2.74	0.80	-1.00	0.00	0.00	-5.94	574.20	
446.00	386545.50	15.85	2.30	2.10	48.71	-6.71	-0.73	0.00	0.00	1.87	3.64	1.70	-1.00	0.00	0.00	-6.77	1265.50	
447.00	386568.60	10.91	2.20	2.10	29.82	-7.97	0.35	0.00	0.00	1.86	2.86	1.20	-1.00	0.00	0.00	-4.70	8.60	
448.00	386779.20	16.09	1.90	2.10	40.44	-6.47	-0.24	0.00	0.00	1.69	3.36	1.40	-1.00	0.00	0.00	-7.62	219.20	
449.00	387238.30	12.70	2.90	2.10	43.70	-6.08	-1.70	0.00	0.00	2.69	3.67	2.00	-1.00	0.00	0.00	-3.78	678.30	
450.00	387830.00	13.24	2.10	2.10	37.17	-6.29	-0.43	0.00	0.00	1.72	3.22	1.30	-1.00	0.00	0.00	-6.15	1270.00	
451.00	387848.00	22.62	2.10	2.10	64.68	-9.02	0.57	255.00	0.00	1.78	3.43	1.50	-1.00	0.00	0.00	-10.18	8.00	
452.00	387869.50	29.18	2.80	2.10	100.20	-11.45	-0.34	255.00	0.00	1.91	4.08	2.10	-1.00	0.00	0.00	-12.20	29.50	
453.00	388448.60	10.87	2.90	2.10	37.44	-5.06	1.04	0.00	0.00	2.71	4.33	2.40	-1.00	0.00	0.00	-3.21	608.60	
454.00	389032.20	13.86	2.10	2.10	40.87	-6.45	-1.42	0.00	0.00	1.79	3.52	1.90	-1.00	0.00	0.00	-6.20	1192.20	
455.00	389052.40	10.35	1.00	2.10	21.52	-6.32	1.62	0.00	0.00	0.92	2.25	0.30	-1.00	0.00	0.00	-8.98	86.00	
456.00	389961.40	12.86	3.40	2.10	43.62	-6.01	1.79	0.00	0.00	2.70	4.01	2.60	-1.00	0.00	0.00	-3.82	841.40	
457.00	390202.00	12.44	2.50	2.10	33.83	-5.02	1.11	0.00	0.00	1.29	3.01	1.10	-1.00	0.00	0.00	-7.70	211.60	
458.00	390446.40	12.67	1.60	2.10	33.33	-5.94	-0.17	0.00	0.00	1.42	3.11	1.20	-1.00	0.00	0.00	-7.13	46.40	
459.00	390604.40	14.89	2.30	2.10	44.30	-6.83	-0.38	0.00	0.00	1.79	3.55	1.70	-1.00	0.00	0.00	-6.67	204.40	
460.00	390635.80	10.20	2.30	2.10	29.21	-6.82	-0.92	0.00	0.00	1.94	3.45	1.50	-1.00	0.00	0.00	-4.20	235.80	
461.00	391835.40	18.43	3.00	2.10	68.18	-5.80	-0.29	0.00	0.00	2.86	4.56	2.60	-1.00	0.00	0.00	-5.16	155.40	
462.00	391930.70	14.12	1.60	2.10	30.41	-6.64	0.91	0.00	0.00	1.16	1.58	1.00	-1.00	0.00	0.00	-9.74	250.70	
463.00	392127.70	14.54	2.70	2.10	47.99	-5.02	1.84	0.00	0.00	2.41	3.99	2.00	-1.00	0.00	0.00	-4.82	447.70	
464.00	393136.40	12.66	1.70	2.10	31.57	-6.30	0.40	0.00	0.00	1.46	2.90	0.90	-1.00	0.00	0.00	-6.96	74.00	
465.00	393230.50	12.17	2.10	2.10	33.68	-6.47	1.76	0.00	0.00	1.66	3.52	1.60	-1.00	0.00	0.00	-5.86	270.50	
466.00	393403.30	24.19	2.20	2.10	77.04	-5.06	2.21	0.00	0.00	1.15	3.70	1.70	-1.00	0.00	0.00	-16.76	443.30	
467.00	394239.00	15.19	2.40	2.10	42.63	-5.50	1.81	0.00	0.00	1.91	3.41	1.50	-1.00	0.00	0.00	-6.37	152.60	
468.00	394500.60	10.96	2.40	2.10	32.43	-6.86	-0.48	0.00	0.00	2.15	3.39	2.00	-1.00	0.00	0.00	-4.08	260.60	
469.00	395544.10	11.26	1.10	2.10	27.09	-5.91	-0.71	0.00	0.00	0.90	2.76	0.80	-1.00	0.00	0.00	-10.04	24.10	
470.00	395555.50	11.43	12.50	2.10	90.76	-5.47	0.33	255.00	0.00	2.91	2.75	0.80	-1.00	0.00	0.00	-3.15	189.10	
471.00	396069.10	15.17	1.50	2.10	36.98	-5.38	-1.23	0.00	0.00	1.02	2.92	1.00	-1.00	0.00	0.00	-11.86	549.10	
472.00	396106.80	15.63	2.00	2.10	36.42	-6.73	-1.34	0.00	0.00	1.47	2.51	0.80	-1.00	0.00	0.00	-8.51	586.80	
473.00	396159.30	14.68	2.80	2.10	41.94	-6.17	-1.32	0.00	0.00	1.92	3.60	1.80	-1.00	0.00	0.00	-6.12	639.30	
474.00	396358.00	13.98	2.60	2.10	40.87	-5.98	1.23	0.00	0.00	2.18	3.64	1.70	-1.00	0.00	0.00	-5.12	838.00	
475.00	396694.00	11.47	1.50	2.10	24.05	-8.04	2.01	0.00	0.00	1.38	2.16	1.00	-1.00	0.00	0.00	-6.65	1174.00	
476.00	396749.10	10.90	1.40	2.10	24.77	-6.13	-0.78	0.00	0.00	1.22	2.93	1.00	-1.00	0.00	0.00	-7.17	1229.10	
477.00	396907.70	12.09	2.00	2.10	35.22	-6.02	2.26	0.00	0.00	1.73	3.18	1.50	-1.00	0.00	0.00	-5.60	107.70	
478.00	397686.90	10.02	2.40	2.10	25.74	-6.04	-0.75	0.00	0.00	2.23	2.90	0.90	-1.00	0.00	0.00	-3.59	886.90	
479.00	398730.40	10.58	1.60	2.10	22.49	-6.32	2.19	0.00	0.00	1.23	2.20	0.80	-1.00	0.00	0.00	-6.88	36.00	
480.00	398783.70	14.60	1.20	2.10	33.39	-8.28	0.84	0.00	0.00	0.94	2.51	0.60	-1.00	0.00	0.00	-12.38	89.30	
481.00	399517.20	14.20	2.50	2.10	45.57	-7.17	0.74	0.00	0.00	2.06	3.92	2.00	-1.00	0.00	0.00	-5.51	157.20	
482.00	400640.90	10.06	2.30	2.10	29.08	-4.97	-1.38	0.00	0.00	2.07	1.16	1.00	-1.00	0.00	0.00	-3.88	1280.90	
483.00	403083.70	11.58	3.50	2.10	43.77	-7.36	-0.67	0.00	0.00	3.29	4.06	2.50	-1.00	0.00	0.00	-2.82	37.30	
484.00	404541.70	20.90	2.20	2.10	67.93	-7.05	0.39	0.00	0.00	1.56	3.52	1.60	-1.00	0.00	0.00	-10.70	61.70	
485.00	406297.30	15.73	1.70	2.10	38.67	-5.39	-0.39	0.00	0.00	1.27	3.03	1.10	-1.00	0.00	0.00	-9.92	537.30	
486.00	406586.60	17.84	3.20	2.10	64.30	-6.17	0.33	0.00	0.00	2.35	4.52	2.60	-1.00	0.00	0.00	-6.08	826.60	
487.00	406612.80	11.32	2.60	2.10	38.99	-7.79	-0.80	0.00	0.00	2.28	4.22	2.30	-1.00	0.00	0.00	-3.96	852.80	
488.00	406830.00	11.92	1.90	2.10	31.75	-5.60	0.95	0.00	0.00	1.66	3.18	1.20	-1.00	0.00	0.00	-5.76	1070.00	
489.00	407618.40	15.31	2.00	2.10	41.72	-6.91	1.75	0.00	0.00	1.44	2.89	0.90	-1.00	0.00	0.00	-8.49	578.40	
490.00	408142.30	11.94	3.20	2.10	42.03	-6.89	-1.09	0.00	0.00	2.65	4.23	2.40	-1.00	0.00	0.00	-3.61	231.90	
491.00	408242.60	10.76	3.90	2.10	44.74	-5.97	0.27	0.00	0.00	3.58	4.97	3.00	-1.00	0.00	0.00	-2.41	76.20	
492.00	408304.80	12.03	1.40	2.10	28.03	-7.23	-0.91	0.00	0.00	1.14	2.86	0.90	-1.00	0.00	0.00	-8.41	138.40	
493.00	408434.80	12.87	1.20	2.10	29.75	-7.91	-1.14	0.00	0.00	0.83	2.83	0.90	-1.00	0.00	0.00	-12.46	114.80	
494.00	408469.40	12.28	1.90	2.10	27.92	-7.30	-1.68	0.00	0.00	1.68	2.81	1.30	-1.00	0.00	0.00	-5.86	149.40	
495.00	408697.80	13.09	2.20	2.10	40.57	-6.97	1.03	0.00	0.00	1.84	3.58	1.60	-1.00	0.00	0.00	-5.68	377.80	
496.00	409464.70	14.59	2.70	2.10	39.29	-5.84	1.72	0.00	0.00	2.40	2.15	1.80	-1.00	0.00	0.00	-4.87	1144.70	
497.00	410207.60	18.64	1.60	2.10	47.81	-5.00	0.20	0.00	0.00	1.41	3.14	1.20	-1.00	0.00	0.00	-10.59	607.60	
498.00	410364.80	19.28	2.10	2.10	60.12	-5.59	0.58	0.00	0.00	1.53	3.57	1.60	-1.00	0.00	0.00	-10.06	764.80	
499.00	411586.40	15.43	2.30	2.10	48.16	-6.08	-0.63	0.00	0.00	1.80	3.60	1.60	-1.00	0.00	0.00	-6.85	92.00	
500.00	411712.40	10.02	2.60	2.10	31.85	-5.13	-1.24	0.00	0.00	2.41	3.22	2.00	-1.00	0.00	0.00	-3.33	832.40	
501.00	412746.40	15.33	1.70	2.10	42.57	-5.85	-2.50	0.00	0.00	1.18	3.16	1.20	-1.00	0.00	0.00	-10.35	586.40	
502.00	412871.30	11.94	1.80	2.10	30.46	-5.13	0.65	0.00	0.00	1.44	3.21	1.30	-1.00	0.00	0.00	-6.62	711.30	
503.00	413600.00	20.19	1.80	2.10	53.65	-6.11	-0.89	0.00	0.00	1.52	3.11	1.20	-1.00	0.00	0.00	-10.64	57.60	
504.00	414431.60	12.44	3.90	2.10	47.75	-6.16	0.35	0.00	0.00	3.48	3.62	2.80	-1.00	0.00	0.00	-2.86	991.60	
505.00	414957.40	17.57	3.20	2.10	65.41	-5.94	0.24	0.00	0.00	2.99	4.67	2.70	-1.00	0.00	0.00	-4.70	237.40	
506.00	415124.00	10.82	2.00	2.10	28.94	-6.32	0.75	0.00	0.00	1.80	3.06	1.50	-1.00	0.00	0.00	-4.81	404.00	
507.00	415372.20	14.02	1.50	2.10	34.13	-6.11	0.20	0.00	0.00	0.95	2.58	0.60	-1.00	0.00	0.00	-11.80	37.80	
508.00	415464.70	10.06	1.60	2.10	24.85	-5.29	1.07	0.00	0.00	1.41	2.76	0.80	-1.00	0.00	0.00	-5.69	130.30	
509.00	415834.40	11.87	3.00	2.10	43.55	-5.88	0.71	0.00	0.00	2.85	3.93	2.50	-1.00	0.00	0.00	-3.33	1114.40	
510.00	416429.00	10.15	1.70	2.10	22.07	-5.86	1.56	0.00	0.00	1.02	2.31	0.40	-1.00	0.00	0.00	-7.92	70.60	
511.00	416787.60	11.98	1.10	2.10	24.54	-4.93	-1.58	0.00	0.00	0.89	2.37	0.40	-1.00	0.00	0.00	-10.78	787.60	
512.00	416964.40	13.10	1.10	2.10	27.58	-8.15	1.65	0.00	0.00	0.96	2.29	0.30	-1.00	0.00	0.00	-10.86	94.00	
513.00	417057.00	16.46	2.70	2.10	52.39	-5.78	-0.86	0.00	0.00	1.29	3.80	1.90	-1.00	0.00	0.00	-10.20	186.60	
514.00	418270.40	17.23	5.10	2.10	68.72	-7.62	0.01	0.00	0.00	3.85	4.14	2.60	-1.00	0.00	0.00	-3.58	990.40	
515.00	418517.70	17.84	2.90	2.10	63.43	-6.06	-2.02	0.00	0.00	2.42	4.07	2.10	-1.00	0.00	0.00	-5.89	1237.70	
516.00	419164.10	16.47	2.50	2.10	53.19	-7.27	0.21	0.00	0.00	2.27	3.95	2.00	-1.00	0.00	0.00	-5.81	604.10	
517.00	419174.00	13.82	12.40	2.10	128.92	-7.72	1.43	255.00	0.00	12.07	3.40	1.50	-1.00	0.00	0.00	-0.92	127.60	
518.00	420441.50	15.79	1.50	2.10	38.16	-6.63	1.73	0.00	0.00	1.27	2.94	1.00	-1.00	0.00	0.00	-9.92	115.10	
519.00	420498.10	13.93	2.80	2.10	43.63	-6.19	1.17	0.00	0.00	2.60	3.23	1.60	-1.00	0.00	0.00	-4.29	658.10	
520.00	420959.10	10.97	1.60	2.10	25.52	-8.07	1.64	0.00	0.00	0.93	2.66	0.70	-1.00	0.00	0.00	-9.44	1119.10	
521.00	421198.20	13.01	0.60	2.10	24.53	-7.66	-0.20	0.00	0.00	0.40	2.26	0.30	-1.00	0.00	0.00	-25.99	78.20	
522.00	421535.70	18.16	2.50	2.10	57.81	-7.96	-0.31	0.00	0.00	2.21	3.75	1.90	-1.00	0.00	0.00	-6.56	415.70	
523.00	421566.50	12.27	2.20	2.10	31.91	-7.03	1.43	0.00	0.00	1.98	2.98	2.00	-1.00	0.00	0.00	-4.97	446.50	
524.00	421614.60	10.34	3.00	2.10	27.61	-6.85	-2.85	0.00	0.00	2.87	2.02	0.70	-1.00	0.00	0.00	-2.89	494.60	
525.00	421822.50	12.03	2.20	2.10	30.60	-6.46	0.44	0.00	0.00	1.62	3.35	1.40	-1.00	0.00	0.00	-5.95	702.50	
526.00	422019.70	16.43	1.20	2.10	37.74	-6.94	-1.29	0.00	0.00	1.01	2.68	0.70	-1.00	0.00	0.00	-13.00	899.70	
527.00	422319.70	13.13	2.00	2.10	35.98	-6.38	1.38	0.00	0.00	1.75	3.30	1.40	-1.00	0.00	0.00	-6.01	1199.70	
528.00	423037.10	15.51	2.90	2.10	50.00	-6.17	0.39	0.00	0.00	2.54	3.77	2.40	-1.00	0.00	0.00	-4.89	637.10	
529.00	424345.90	14.30	3.30	2.10	54.17	-7.05	-0.09	0.00	0.00	2.54	4.18	2.20	-1.00	0.00	0.00	-4.50	665.90	
530.00	424719.50	11.95	2.90	2.10	43.81	-6.42	-0.27	0.00	0.00	2.68	3.50	2.40	-1.00	0.00	0.00	-3.57	1039.50	
531.00	426511.80	20.00	4.80	2.10	58.42	-5.14	0.32	0.00	0.00	1.58	3.23	1.30	-1.00	0.00	0.00	-10.11	271.80	
532.00	426849.40	14.67	1.90	2.10	36.71	-6.79	0.93	0.00	0.00	1.64	2.81	1.30	-1.00	0.00	0.00	-7.14	609.40	
533.00	427040.60	12.52	2.00	2.10	31.65	-7.57	-1.68	0.00	0.00	1.64	2.58	1.30	-1.00	0.00	0.00	-6.11	800.60	
534.00	427856.40	11.77	2.10	2.10	35.06	-5.55	1.53	0.00	0.00	1.72	3.29	1.30	-1.00	0.00	0.00	-5.48	106.00	
535.00	427939.80	10.02	1.60	2.10	26.70	-5.05	0.52	0.00	0.00	1.43	3.08	1.10	-1.00	0.00	0.00	-5.63	189.40	
536.00	428053.90	10.36	3.00	2.10	31.67	-6.02	-0.20	0.00	0.00	2.12	3.63	1.70	-1.00	0.00	0.00	-3.91	533.90	
537.00	428303.70	10.83	2.40	2.10	27.95	-5.92	0.47	0.00	0.00	2.22	2.46	2.00	-1.00	0.00	0.00	-3.89	41.30	
538.00	428367.10	10.78	2.10	2.10	29.77	-5.89	0.56	0.00	0.00	2.01	2.60	2.00	-1.00	0.00	0.00	-4.29	847.10	
539.00	428619.00	14.72	1.60	2.10	37.94	-5.69	-0.20	0.00	0.00	1.32	2.91	1.00	-1.00	0.00	0.00	-8.93	1099.00	
540.00	428664.80	16.79	2.70	2.10	61.04	-6.54	0.74	0.00	0.00	2.46	4.15	2.20	-1.00	0.00	0.00	-5.45	146.40	
541.00	428884.90	10.53	3.70	2.10	33.17	-5.76	-1.12	0.00	0.00	2.93	2.82	2.20	-1.00	0.00	0.00	-2.87	84.90	
542.00	429513.70	12.20	2.20	2.10	32.59	-5.02	-0.53	0.00	0.00	1.61	2.93	1.00	-1.00	0.00	0.00	-6.06	713.70	
543.00	429673.20	27.89	1.70	2.10	77.09	-5.32	0.67	0.00	0.00	1.44	3.06	1.10	-1.00	0.00	0.00	-15.45	130.80	
544.00	429830.30	10.98	2.00	2.10	28.86	-8.21	-0.65	0.00	0.00	1.74	2.64	1.50	-1.00	0.00	0.00	-5.04	1030.30	
545.00	429862.80	10.74	1.90	2.10	21.35	-7.61	0.14	0.00	0.00	1.31	1.83	0.70	-1.00	0.00	0.00	-6.55	64.40	
546.00	429938.90	12.29	1.90	2.10	34.06	-6.51	-0.93	0.00	0.00	1.63	3.44	1.50	-1.00	0.00	0.00	-6.03	1138.90	
547.00	429999.80	18.43	1.90	2.10	47.59	-6.50	1.12	0.00	0.00	1.02	2.96	1.00	-1.00	0.00	0.00	-14.53	1199.80	
548.00	431265.20	11.56	2.20	2.10	33.22	-5.87	1.58	0.00	0.00	2.00	3.35	1.40	-1.00	0.00	0.00	-4.63	1185.20	
549.00	431305.50	10.42	2.00	2.10	27.76	-7.73	1.17	0.00	0.00	1.74	3.41	1.50	-1.00	0.00	0.00	-4.80	1225.50	
550.00	431794.50	11.60	3.00	2.10	36.06	-6.84	0.87	0.00	0.00	2.83	3.30	2.30	-1.00	0.00	0.00	-3.28	434.50	
551.00	431861.70	20.47	2.60	2.10	67.72	-6.70	-1.10	0.00	0.00	2.29	3.77	1.80	-1.00	0.00	0.00	-7.16	501.70	
552.00	432090.00	15.86	2.70	2.10	51.36	-6.65	-0.06	0.00	0.00	2.43	3.58	1.60	-1.00	0.00	0.00	-5.23	730.00	
553.00	433101.90	18.99	1.90	2.10	53.05	-7.57	-0.84	0.00	0.00	1.50	3.23	1.30	-1.00	0.00	0.00	-10.10	461.90	
554.00	433350.20	10.78	1.60	2.10	29.09	-7.28	-2.52	0.00	0.00	1.38	3.26	1.30	-1.00	0.00	0.00	-6.26	223.80	
555.00	433470.80	17.02	2.20	2.10	52.31	-7.10	-0.70	0.00	0.00	1.59	3.71	1.80	-1.00	0.00	0.00	-8.58	830.80	
556.00	433739.10	16.33	3.80	2.10	72.24	-5.05	-0.70	0.00	0.00	3.19	5.06	3.10	-1.00	0.00	0.00	-4.09	100.70	
557.00	433809.60	18.59	2.20	2.10	55.16	-7.65	-0.17	0.00	0.00	1.92	3.60	1.60	-1.00	0.00	0.00	-7.74	1169.60	
558.00	433879.10	13.11	1.50	2.10	34.06	-8.06	0.53	0.00	0.00	1.10	3.04	1.10	-1.00	0.00	0.00	-9.50	1239.10	
559.00	433957.60	15.13	2.20	2.10	38.19	-6.30	0.66	0.00	0.00	1.19	2.81	0.90	-1.00	0.00	0.00	-10.15	63.20	
560.00	434127.10	11.23	0.80	2.10	23.17	-8.01	0.51	0.00	0.00	0.54	2.40	0.50	-1.00	0.00	0.00	-16.70	207.10	
561.00	434260.70	12.50	1.50	2.10	32.71	-9.62	1.23	0.00	0.00	1.30	2.95	1.00	-1.00	0.00	0.00	-7.71	110.30	
562.00	434709.10	11.14	3.30	2.10	32.74	-6.24	1.58	0.00	0.00	2.73	2.88	2.50	-1.00	0.00	0.00	-3.27	789.10	
563.00	434799.30	13.59	2.60	2.10	43.14	-6.92	-1.17	0.00	0.00	2.34	3.76	1.80	-1.00	0.00	0.00	-4.64	879.30	
564.00	435818.90	11.19	2.10	2.10	28.39	-7.62	-1.69	0.00	0.00	1.65	2.91	1.20	-1.00	0.00	0.00	-5.41	618.90	
565.00	436241.60	21.52	1.30	2.10	55.47	-7.51	-0.64	0.00	0.00	0.88	2.86	0.90	-1.00	0.00	0.00	-19.62	1041.60	
566.00	436278.10	14.49	3.60	2.10	45.18	-6.61	-0.34	0.00	0.00	2.71	2.96	1.50	-1.00	0.00	0.00	-4.28	1078.10	
567.00	436560.40	12.38	3.00	2.10	42.02	-6.51	-0.21	0.00	0.00	2.75	4.34	2.40	-1.00	0.00	0.00	-3.61	80.40	
568.00	436589.20	14.82	2.60	2.10	48.06	-7.85	-0.83	0.00	0.00	1.79	3.52	1.60	-1.00	0.00	0.00	-6.63	109.20	
569.00	437177.90	12.46	1.80	2.10	33.89	-9.18	-1.72	0.00	0.00	1.62	3.36	1.40	-1.00	0.00	0.00	-6.16	697.90	
570.00	437397.00	11.67	1.60	2.10	26.61	-7.59	0.12	0.00	0.00	1.44	1.39	1.10	-1.00	0.00	0.00	-6.48	917.00	
571.00	439170.40	10.41	1.90	2.10	26.58	-8.37	1.09	0.00	0.00	1.76	3.03	1.10	-1.00	0.00	0.00	-4.73	130.40	
572.00	439218.40	20.04	2.50	2.10	53.47	-8.66	-0.71	0.00	0.00	1.30	2.96	1.00	-1.00	0.00	0.00	-12.30	178.40	
573.00	439271.70	11.90	1.90	2.10	31.04	-7.61	1.59	0.00	0.00	1.65	3.06	1.10	-1.00	0.00	0.00	-5.77	231.70	
574.00	439461.40	19.76	2.40	2.10	62.23	-8.64	-0.44	0.00	0.00	2.03	3.70	1.80	-1.00	0.00	0.00	-7.77	421.40	
575.00	439669.90	10.79	2.00	2.10	32.49	-6.91	0.47	0.00	0.00	1.46	3.39	1.40	-1.00	0.00	0.00	-5.93	629.90	
576.00	440195.80	13.94	1.70	2.10	31.43	-7.82	0.37	0.00	0.00	1.42	2.81	1.00	-1.00	0.00	0.00	-7.86	1155.80	
577.00	440588.10	15.29	1.60	2.10	41.19	-6.29	0.33	0.00	0.00	1.22	3.02	1.10	-1.00	0.00	0.00	-10.01	268.10	
578.00	440784.40	10.33	2.90	2.10	33.84	-7.41	-1.10	0.00	0.00	2.65	3.53	1.80	-1.00	0.00	0.00	-3.12	234.00	
579.00	440915.00	19.57	1.50	2.10	53.02	-8.34	1.75	0.00	0.00	1.22	3.07	1.10	-1.00	0.00	0.00	-12.83	595.00	
580.00	441558.00	20.27	1.80	2.10	53.18	-9.07	-2.86	0.00	0.00	0.88	2.99	1.00	-1.00	0.00	0.00	-18.39	1238.00	
581.00	441616.50	10.54	1.40	2.10	26.32	-8.14	-0.17	0.00	0.00	1.19	2.90	1.00	-1.00	0.00	0.00	-7.10	42.10	
582.00	442259.30	13.84	1.60	2.10	29.80	-7.87	-1.70	0.00	0.00	1.06	2.07	0.70	-1.00	0.00	0.00	-10.46	659.30	
583.00	442365.20	21.79	1.20	2.10	50.79	-7.65	-0.91	0.00	0.00	0.93	2.80	0.80	-1.00	0.00	0.00	-18.67	765.20	
584.00	442473.80	18.45	1.40	2.10	43.27	-7.17	-0.02	0.00	0.00	1.13	2.84	0.90	-1.00	0.00	0.00	-13.08	873.80	
585.00	442596.60	18.21	3.60	2.10	48.27	-6.16	-1.26	0.00	0.00	1.60	2.97	1.20	-1.00	0.00	0.00	-9.10	996.60	
586.00	442934.90	17.53	2.30	2.10	55.25	-7.58	-1.18	0.00	0.00	1.39	3.65	1.70	-1.00	0.00	0.00	-10.08	54.90	
587.00	442986.40	10.65	4.40	2.10	44.49	-7.67	-0.71	255.00	0.00	4.17	4.42	3.80	-1.00	0.00	0.00	-2.04	132.00	
588.00	443064.30	10.20	1.90	2.10	28.32	-6.59	-3.43	0.00	0.00	1.66	3.56	1.60	-1.00	0.00	0.00	-4.93	184.30	
589.00	443070.30	13.40	7.90	2.10	80.71	-6.76	0.56	255.00	0.00	7.71	4.21	2.30	-1.00	0.00	0.00	-1.39	215.90	
590.00	443279.20	19.32	2.00	2.10	52.46	-7.51	-0.54	0.00	0.00	1.63	3.25	1.30	-1.00	0.00	0.00	-9.49	399.20	
591.00	443559.60	10.86	3.20	2.10	30.99	-6.53	0.97	255.00	0.00	2.97	1.51	0.60	-1.00	0.00	0.00	-2.92	679.60	
592.00	443688.10	26.76	2.70	2.10	94.02	-4.85	0.64	0.00	0.00	1.39	4.15	2.20	-1.00	0.00	0.00	-15.42	808.10	
593.00	444457.10	17.87	2.10	2.10	50.38	-6.23	-0.25	0.00	0.00	1.35	3.41	1.50	-1.00	0.00	0.00	-10.58	297.10	
594.00	444510.70	11.05	2.90	2.10	27.44	-7.12	0.48	0.00	0.00	1.82	2.41	1.20	-1.00	0.00	0.00	-4.85	248.30	
595.00	444514.20	17.49	5.20	2.10	61.19	-9.81	2.40	255.00	0.00	2.13	3.35	1.40	-1.00	0.00	0.00	-6.57	354.20	
596.00	444561.70	16.39	2.20	2.10	43.94	-7.26	1.54	0.00	0.00	1.90	3.01	1.60	-1.00	0.00	0.00	-6.88	401.70	
597.00	444837.70	18.03	7.00	2.10	73.51	-6.19	-0.72	0.00	0.00	3.65	3.06	1.10	-1.00	0.00	0.00	-3.95	63.30	
598.00	444843.80	19.42	10.00	2.10	138.42	-7.36	0.64	255.00	0.00	9.59	3.95	2.00	-1.00	0.00	0.00	-1.62	69.40	
599.00	444892.30	12.22	2.00	2.10	38.31	-6.42	-0.80	0.00	0.00	1.71	3.61	1.70	-1.00	0.00	0.00	-5.71	732.30	
600.00	444947.00	17.69	4.40	2.10	61.27	-6.13	0.58	0.00	0.00	2.20	3.84	2.00	-1.00	0.00	0.00	-6.44	787.00	
601.00	444981.90	13.00	2.20	2.10	26.18	-6.32	0.48	0.00	0.00	1.06	0.84	0.70	-1.00	0.00	0.00	-9.83	821.90	
602.00	445486.80	10.02	3.10	2.10	30.45	-6.65	1.56	0.00	0.00	2.21	2.44	1.60	-1.00	0.00	0.00	-3.63	46.80	
603.00	445888.90	16.09	2.10	2.10	40.60	-6.66	-1.05	0.00	0.00	1.67	3.18	1.20	-1.00	0.00	0.00	-7.70	448.90	
604.00	447646.90	17.62	2.20	2.10	51.87	-6.56	-1.36	0.00	0.00	1.74	3.30	1.30	-1.00	0.00	0.00	-8.10	926.90	
605.00	448460.70	12.35	2.90	2.10	42.44	-8.95	-0.58	0.00	0.00	2.67	3.89	2.20	-1.00	0.00	0.00	-3.71	460.70	
606.00	449104.00	10.59	1.50	2.10	24.45	-8.46	-0.42	0.00	0.00	1.37	2.30	1.30	-1.00	0.00	0.00	-6.18	1104.00	
607.00	449220.80	21.70	3.10	2.10	52.41	-6.51	1.88	0.00	0.00	0.84	2.71	0.80	-1.00	0.00	0.00	-20.77	1220.80	
608.00	449357.70	10.96	1.30	2.10	24.01	-7.66	-0.31	0.00	0.00	0.91	2.78	0.80	-1.00	0.00	0.00	-9.67	77.70	
609.00	450139.00	12.71	2.40	2.10	35.89	-5.73	0.65	0.00	0.00	1.91	3.06	1.10	-1.00	0.00	0.00	-5.33	859.00	
610.00	450250.00	11.26	2.60	2.10	31.24	-5.75	0.69	0.00	0.00	1.65	3.10	1.20	-1.00	0.00	0.00	-5.47	970.00	
611.00	452299.40	17.42	1.40	2.10	41.26	-6.22	-0.53	0.00	0.00	0.90	2.63	0.70	-1.00	0.00	0.00	-15.48	101.00	
612.00	453880.70	13.23	1.80	2.10	32.42	-6.92	1.03	0.00	0.00	1.09	2.59	0.60	-1.00	0.00	0.00	-9.74	760.70	
613.00	454305.20	13.12	1.50	2.10	34.42	-8.16	1.22	0.00	0.00	1.32	2.86	0.90	-1.00	0.00	0.00	-7.97	1185.20	
614.00	455223.30	16.62	1.70	2.10	45.63	-8.19	0.87	0.00	0.00	1.31	3.07	1.10	-1.00	0.00	0.00	-10.14	823.30	
615.00	455307.60	16.61	3.30	2.10	56.03	-8.21	-0.32	0.00	0.00	2.86	4.60	2.60	-1.00	0.00	0.00	-4.65	907.60	
616.00	455929.80	11.59	2.10	2.10	31.92	-7.38	-1.90	0.00	0.00	1.87	3.65	1.70	-1.00	0.00	0.00	-4.97	249.80	
617.00	456876.90	33.44	4.30	2.10	132.74	-6.62	-0.47	0.00	0.00	3.47	3.59	1.60	-1.00	0.00	0.00	-7.71	1196.90	
618.00	456916.90	18.73	2.50	2.10	55.93	-8.16	-0.22	0.00	0.00	2.14	3.34	1.40	-1.00	0.00	0.00	-7.00	1236.90	
619.00	457108.50	15.13	3.20	2.10	44.83	-8.84	0.89	0.00	0.00	2.32	3.54	1.60	-1.00	0.00	0.00	-5.22	148.50	
620.00	457865.70	15.28	1.30	2.10	35.38	-7.93	-0.74	0.00	0.00	1.15	2.80	0.80	-1.00	0.00	0.00	-10.65	905.70	
621.00	458060.30	16.85	2.10	2.10	44.54	-8.14	-1.59	0.00	0.00	1.44	2.85	0.90	-1.00	0.00	0.00	-9.36	229.90	
622.00	458585.70	18.48	2.30	2.10	61.20	-7.30	-0.44	0.00	0.00	2.06	3.76	1.80	-1.00	0.00	0.00	-7.19	345.70	
623.00	458654.90	18.81	1.00	2.10	41.67	-8.02	0.20	0.00	0.00	0.72	2.62	0.70	-1.00	0.00	0.00	-20.86	414.90	
624.00	459650.90	16.77	2.00	2.10	45.39	-7.84	1.02	0.00	0.00	1.45	3.24	1.30	-1.00	0.00	0.00	-9.23	130.90	
625.00	459738.20	15.21	1.90	2.10	38.45	-8.65	-1.75	0.00	0.00	1.27	2.90	1.00	-1.00	0.00	0.00	-9.59	218.20	
626.00	459756.80	10.25	2.20	2.10	25.64	-11.24	-0.15	0.00	0.00	2.06	3.00	1.80	-1.00	0.00	0.00	-3.97	236.80	
627.00	459933.60	13.95	1.50	2.10	29.57	-9.04	1.61	0.00	0.00	1.14	2.56	0.60	-1.00	0.00	0.00	-9.78	413.60	
628.00	460387.50	11.63	2.90	2.10	36.17	-7.43	-1.07	0.00	0.00	2.15	3.41	1.50	-1.00	0.00	0.00	-4.33	867.50	
629.00	461369.20	16.36	2.40	2.10	44.33	-8.10	0.87	0.00	0.00	1.80	3.10	1.20	-1.00	0.00	0.00	-7.26	569.20	
630.00	461979.80	12.08	2.30	2.10	29.69	-7.25	1.17	0.00	0.00	2.05	1.76	1.50	-1.00	0.00	0.00	-4.72	1179.80	
631.00	462538.50	10.76	3.50	2.10	31.61	-7.96	-1.55	0.00	0.00	2.14	2.50	1.80	-1.00	0.00	0.00	-4.01	458.50	
632.00	462553.10	13.35	2.20	2.10	34.16	-9.21	-1.25	0.00	0.00	1.97	3.03	1.50	-1.00	0.00	0.00	-5.42	473.10	
633.00	462809.30	12.34	3.90	2.10	55.24	-8.53	-0.04	0.00	0.00	3.79	5.61	3.70	-1.00	0.00	0.00	-2.61	729.30	
634.00	462862.10	17.08	2.20	2.10	53.94	-9.56	1.07	0.00	0.00	1.11	3.68	1.70	-1.00	0.00	0.00	-12.28	782.10	
635.00	463330.70	15.55	2.30	2.10	43.46	-9.08	0.83	0.00	0.00	2.01	3.44	1.50	-1.00	0.00	0.00	-6.20	1250.70	
636.00	463573.10	14.06	2.20	2.10	38.24	-8.48	-0.12	0.00	0.00	1.51	2.97	1.00	-1.00	0.00	0.00	-7.43	213.10	
637.00	463902.70	18.86	4.00	2.10	71.04	-8.48	-0.53	0.00	0.00	3.26	3.98	2.00	-1.00	0.00	0.00	-4.63	542.70	
638.00	463982.40	10.42	2.10	2.10	23.91	-9.35	0.55	0.00	0.00	1.02	2.92	1.00	-1.00	0.00	0.00	-8.19	622.40	
639.00	464016.50	10.42	1.80	2.10	24.61	-8.66	-2.30	0.00	0.00	1.53	2.69	0.70	-1.00	0.00	0.00	-5.46	656.50	
640.00	464637.40	11.82	2.60	2.10	35.77	-7.60	-1.58	0.00	0.00	2.44	2.56	1.40	-1.00	0.00	0.00	-3.88	1277.40	
641.00	464770.50	12.42	2.30	2.10	35.44	-8.62	1.76	0.00	0.00	1.71	3.31	1.70	-1.00	0.00	0.00	-5.81	130.50	
642.00	464802.10	14.20	3.90	2.10	42.54	-7.97	0.70	0.00	0.00	1.51	3.27	1.30	-1.00	0.00	0.00	-7.53	162.10	
643.00	464803.20	13.91	3.60	2.10	47.39	-8.38	0.56	0.00	0.00	2.57	3.53	2.40	-1.00	0.00	0.00	-4.33	163.20	
644.00	464847.50	10.52	1.70	2.10	25.34	-9.20	-1.22	0.00	0.00	1.44	2.25	0.80	-1.00	0.00	0.00	-5.84	207.50	
645.00	465182.60	11.00	2.00	2.10	31.38	-7.88	-0.36	0.00	0.00	1.73	3.27	1.60	-1.00	0.00	0.00	-5.07	542.60	
646.00	465551.10	16.48	1.90	2.10	45.62	-7.73	-0.10	0.00	0.00	1.44	3.33	1.40	-1.00	0.00	0.00	-9.15	911.10	
647.00	465744.50	19.19	1.20	2.10	42.66	-7.32	-0.33	0.00	0.00	0.95	2.76	0.80	-1.00	0.00	0.00	-16.13	1104.50	
648.00	465846.30	13.28	3.00	2.10	47.47	-8.56	-0.92	0.00	0.00	2.74	4.34	2.40	-1.00	0.00	0.00	-3.88	1206.30	
649.00	465951.50	11.85	1.60	2.10	31.97	-8.88	-1.97	0.00	0.00	0.87	2.97	1.50	-1.00	0.00	0.00	-10.91	31.50	
650.00	466202.60	11.88	2.40	2.10	35.80	-6.31	-0.27	0.00	0.00	1.96	3.60	1.60	-1.00	0.00	0.00	-4.84	282.60	
651.00	466605.10	15.32	1.40	2.10	34.59	-6.93	0.93	0.00	0.00	1.24	2.55	0.60	-1.00	0.00	0.00	-9.89	685.10	
652.00	467603.30	19.43	8.60	2.10	101.85	-6.32	-1.89	255.00	0.00	7.87	3.63	1.70	-1.00	0.00	0.00	-1.98	44.90	
653.00	469755.30	10.40	1.70	2.10	27.64	-8.18	-0.21	0.00	0.00	1.54	3.07	1.10	-1.00	0.00	0.00	-5.41	148.90	
654.00	471022.00	10.35	1.80	2.10	25.91	-6.57	-0.40	0.00	0.00	1.43	2.75	0.90	-1.00	0.00	0.00	-5.80	135.60	
655.00	471118.10	23.30	2.40	2.10	73.61	-8.42	1.49	0.00	0.00	1.27	3.71	1.80	-1.00	0.00	0.00	-14.67	78.10	
656.00	471996.90	14.87	1.40	2.10	31.25	-6.82	-0.61	0.00	0.00	1.13	2.48	0.50	-1.00	0.00	0.00	-10.48	956.90	
657.00	472547.70	14.52	2.20	2.10	42.94	-7.79	0.18	0.00	0.00	1.82	3.49	1.50	-1.00	0.00	0.00	-6.38	227.70	
658.00	472638.40	13.98	3.30	2.10	50.39	-8.46	-0.02	0.00	0.00	2.60	4.30	2.30	-1.00	0.00	0.00	-4.30	318.40	
659.00	472889.30	11.37	1.90	2.10	27.41	-9.37	0.48	0.00	0.00	1.75	3.05	1.10	-1.00	0.00	0.00	-5.20	569.30	
660.00	473022.00	16.18	1.70	2.10	42.65	-9.67	0.73	0.00	0.00	1.56	3.15	1.20	-1.00	0.00	0.00	-8.29	702.00	
661.00	474235.60	12.14	1.80	2.10	28.75	-8.58	0.60	0.00	0.00	1.65	2.96	1.30	-1.00	0.00	0.00	-5.88	635.60	
662.00	474441.70	15.13	2.20	2.10	41.58	-8.10	-2.67	0.00	0.00	1.55	2.68	1.70	-1.00	0.00	0.00	-7.81	841.70	
663.00	474514.80	15.27	1.80	2.10	38.90	-6.84	0.35	0.00	0.00	1.60	3.21	1.30	-1.00	0.00	0.00	-7.65	914.80	
664.00	475680.50	22.76	2.40	2.10	65.40	-8.15	-0.51	0.00	0.00	1.96	3.71	1.80	-1.00	0.00	0.00	-9.28	800.50	
665.00	475730.70	15.41	3.70	2.10	44.08	-9.69	-1.57	0.00	0.00	1.29	3.01	1.10	-1.00	0.00	0.00	-9.56	850.70	
666.00	475872.80	13.21	1.90	2.10	31.14	-8.55	0.95	0.00	0.00	1.65	2.83	1.00	-1.00	0.00	0.00	-6.41	992.80	
667.00	476092.80	13.07	2.70	2.10	34.20	-9.06	-2.15	0.00	0.00	1.91	3.41	1.50	-1.00	0.00	0.00	-5.46	1212.80	
668.00	476122.80	11.40	2.10	2.10	32.29	-9.69	-2.95	0.00	0.00	1.87	2.95	1.60	-1.00	0.00	0.00	-4.87	1242.80	
669.00	476632.80	12.00	2.00	2.10	31.33	-7.97	-0.68	0.00	0.00	1.88	3.66	1.70	-1.00	0.00	0.00	-5.11	472.80	
670.00	476978.30	12.71	2.20	2.10	38.27	-8.54	-0.24	0.00	0.00	2.04	3.68	1.70	-1.00	0.00	0.00	-4.98	818.30	
671.00	477137.10	10.03	2.10	2.10	26.08	-8.24	-0.86	0.00	0.00	1.89	3.10	1.50	-1.00	0.00	0.00	-4.25	977.10	
672.00	477404.50	11.29	2.40	2.10	32.64	-7.71	-1.16	0.00	0.00	1.22	3.24	1.30	-1.00	0.00	0.00	-7.42	1244.50	
673.00	478003.20	12.78	1.60	2.10	33.12	-8.23	-0.22	0.00	0.00	1.33	3.16	1.20	-1.00	0.00	0.00	-7.71	563.20	
674.00	478443.10	17.44	2.60	2.10	46.44	-8.48	1.18	0.00	0.00	1.86	3.32	1.40	-1.00	0.00	0.00	-7.49	1003.10	
675.00	479195.00	10.10	3.60	2.10	24.08	-7.33	-0.51	0.00	0.00	2.85	0.34	0.20	-1.00	0.00	0.00	-2.83	475.00	
676.00	479456.00	14.92	2.20	2.10	40.33	-8.38	0.34	0.00	0.00	2.05	2.63	1.40	-1.00	0.00	0.00	-5.82	736.00	
677.00	479600.60	13.57	5.30	2.10	50.54	-8.55	1.53	0.00	0.00	4.51	3.76	2.20	-1.00	0.00	0.00	-2.41	880.60	
